block,timestamp,reserve0,reserve1,total supply,trade volume,price,sINV
10094000,1589859512,66.52867070162675,0.03438323741503016,1.5124387854192285,0.0,1934.9158399070548,1.0000000000000009
10095000,1589872818,66.52867070162675,0.03438323741503016,1.5124387854192285,0.0,1934.9158399070548,1.0000000000000009
10096000,1589886189,66.52867070162675,0.03438323741503016,1.5124387854192285,0.0,1934.9158399070548,1.0000000000000009
10097000,1589900110,66.33631735338615,0.03448323741503016,1.5124387854192285,0.1923533482406022,1923.7264922368408,1.0000043499679847
10098000,1589913105,66.33631735338615,0.03448323741503016,1.5124387854192285,0.1923533482406022,1923.7264922368408,1.0000043499679847
10099000,1589926249,64.74515917747101,0.03533323741503016,1.5124387854192285,1.7835115241557342,1832.415139800621,1.0000404370818898
10100000,1589939554,64.74515917747101,0.03533323741503016,1.5124387854192285,1.7835115241557342,1832.415139800621,1.0000404370818898
10101000,1589953248,64.74515917747101,0.03533323741503016,1.5124387854192285,1.7835115241557342,1832.415139800621,1.0000404370818898
10102000,1589967012,64.74515917747101,0.03533323741503016,1.5124387854192285,1.7835115241557342,1832.415139800621,1.0000404370818898
10103000,1589980117,74.40727442465283,0.0406061229295174,1.7381445838862923,1.7835115241557342,1832.4151398006206,1.0000404370818898
10104000,1589993993,74.40727442465283,0.0406061229295174,1.7381445838862923,1.7835115241557342,1832.4151398006206,1.0000404370818898
10105000,1590006861,74.40727442465283,0.0406061229295174,1.7381445838862923,1.7835115241557342,1832.4151398006206,1.0000404370818898
10106000,1590020319,74.40727442465283,0.0406061229295174,1.7381445838862923,1.7835115241557342,1832.4151398006206,1.0000404370818898
10107000,1590034230,74.40727442465283,0.0406061229295174,1.7381445838862923,1.7835115241557342,1832.4151398006206,1.0000404370818898
10108000,1590047677,74.40727442465283,0.0406061229295174,1.7381445838862923,1.7835115241557342,1832.4151398006206,1.0000404370818898
10109000,1590060808,36814.39228174522,19.65851449888235,850.6669317374884,400.44351152415567,1872.694515337781,1.0000566815100858
10110000,1590074422,37467.10349136813,19.325907058793344,850.6669317374884,7296.712735627756,1938.6983171028187,1.00031193982573
10111000,1590087453,36768.11902809573,19.703395639561172,850.6669317374884,13630.733282276598,1866.080329538295,1.0005681971117923
10112000,1590100941,36524.572455923226,19.838048923554407,850.6669317374884,15692.279854449087,1841.1373314316368,1.000650687958391
10113000,1590113970,36524.572455923226,19.838048923554407,850.6669317374884,15692.279854449087,1841.1373314316368,1.000650687958391
10114000,1590127844,36406.31461777799,19.906981829245005,850.6669317374884,18474.85424479033,1828.8214120080268,1.0007636405142877
10115000,1590141059,36406.31461777799,19.906981829245005,850.6669317374884,18474.85424479033,1828.8214120080268,1.0007636405142877
10116000,1590155285,36256.31461777799,19.989589022035442,850.6669317374884,18624.85424479033,1813.7598815969147,1.0007698440718191
10117000,1590168889,36617.795970824416,19.792843170344145,850.6669317374884,18986.33559783676,1850.0523474914057,1.0007846634101945
10118000,1590181994,37240.95924239441,19.4626210712892,850.6669317374884,19609.498869406765,1913.4606333846475,1.0008097839658576
10119000,1590195933,37145.81691975109,19.5126210712892,850.6669317374884,19704.641192050094,1903.6815599523584,1.0008136307666688
10120000,1590208967,36758.18025727345,19.722291831427547,850.6669317374884,22178.27785452773,1863.7884770926648,1.0009125652141144
10121000,1590222093,36377.90311497562,19.92907956920105,850.6669317374884,22558.554996825562,1825.3679498171628,1.0009281440528133
10122000,1590235790,36377.90311497562,19.92907956920105,850.6669317374884,22558.554996825562,1825.3679498171628,1.0009281440528133
10123000,1590248502,36220.25865355226,20.01607956920105,850.6669317374884,22716.199458248946,1809.5580869534879,1.0009346699261636
10124000,1590262159,36210.24850257044,20.02162956920105,850.6669317374884,22726.20960923075,1808.5565102189319,1.0009350861153803
10125000,1590274976,36245.82581424679,20.002036115790094,850.6669317374884,22761.786920907114,1812.106807748109,1.0009365598295543
10126000,1590289064,36245.82581424679,20.002036115790094,850.6669317374884,22761.786920907114,1812.106807748109,1.0009365598295543
10127000,1590302839,36245.82581424679,20.002036115790094,850.6669317374884,22761.786920907114,1812.106807748109,1.0009365598295543
10128000,1590316431,35632.53908774873,20.35006140779888,850.6669317374884,24977.389798028213,1750.9794380322144,1.001029085827631
10129000,1590329474,35632.53908774873,20.35006140779888,850.6669317374884,24977.389798028213,1750.9794380322144,1.001029085827631
10130000,1590342750,35632.53908774873,20.35006140779888,850.6669317374884,24977.389798028213,1750.9794380322144,1.001029085827631
10131000,1590355756,36567.28472234976,19.831386879409024,850.6669317374884,25912.13543262924,1843.9096037361687,1.0010674710152152
10132000,1590369617,36384.3665348532,19.931386879409022,850.6669317374884,26095.053620125807,1825.4809238809976,1.0010750049523514
10133000,1590383553,36384.3665348532,19.931386879409022,850.6669317374884,26095.053620125807,1825.4809238809976,1.0010750049523514
10134000,1590397131,36384.3665348532,19.931386879409022,850.6669317374884,26095.053620125807,1825.4809238809976,1.0010750049523514
10135000,1590410682,36384.3665348532,19.931386879409022,850.6669317374884,26095.053620125807,1825.4809238809976,1.0010750049523514
10136000,1590423941,36384.3665348532,19.931386879409022,850.6669317374884,26095.053620125807,1825.4809238809976,1.0010750049523514
10137000,1590437514,36384.3665348532,19.931386879409022,850.6669317374884,26095.053620125807,1825.4809238809976,1.0010750049523514
10138000,1590451139,35659.29025356677,20.337885101024284,850.6669317374884,26820.12990141224,1753.3430873680584,1.001105140791602
10139000,1590464412,35659.29025356677,20.337885101024284,850.6669317374884,26820.12990141224,1753.3430873680584,1.001105140791602
10140000,1590478377,35415.151055735936,20.482462447836408,850.6669317374884,29338.23787170308,1729.0475276558795,1.0012120831479363
10141000,1590491707,35415.151055735936,20.482462447836408,850.6669317374884,29338.23787170308,1729.0475276558795,1.0012120831479363
10142000,1590504614,34980.95633195802,20.737462447836407,850.6669317374884,29772.432595480986,1686.8484473425854,1.0012305552488274
10143000,1590517845,35106.25955167462,20.66565520931698,850.6669317374884,31042.64704890437,1698.7731187853742,1.0012840973749684
10144000,1590531418,34461.81441205253,21.053271333116978,850.6669317374884,31687.09218852647,1636.8864423384784,1.0013117507927871
10145000,1590544575,34401.87422552839,21.090063927758557,850.6669317374884,31747.03237505062,1631.1887125315411,1.001314371055255
10146000,1590558218,34451.097628908865,21.06294120074132,850.6669317374884,33384.99825883069,1635.6261597357725,1.0013859384012234
10147000,1590571862,34198.788951456125,21.22193434920188,850.6669317374884,35313.91131519818,1611.4831187733967,1.0014708119686924
10148000,1590584981,34162.14754508208,21.247448205626547,850.6669317374884,36787.33931025748,1607.8235473018158,1.0015356689785848
10149000,1590598129,34162.14754508208,21.247448205626547,850.6669317374884,36787.33931025748,1607.8235473018158,1.0015356689785848
10150000,1590611579,34162.14754508208,21.247448205626547,850.6669317374884,36787.33931025748,1607.8235473018158,1.0015356689785848
10151000,1590624859,34173.372337659,21.24103452062655,850.6669317374884,37091.40344052733,1608.837474675456,1.001548998364552
10152000,1590638898,34173.372337659,21.24103452062655,850.6669317374884,37091.40344052733,1608.837474675456,1.001548998364552
10153000,1590652494,34173.372337659,21.24103452062655,850.6669317374884,37091.40344052733,1608.837474675456,1.001548998364552
10154000,1590665969,36057.82835305928,20.134133416454066,850.6669317374884,38975.85945592762,1790.8805711792895,1.0016285705330774
10155000,1590679160,34667.890817062755,20.9478308802571,850.6669317374884,42573.40973077109,1654.9632759225933,1.0017830723537635
10156000,1590692414,34704.89081706276,20.925564652451733,850.6669317374884,42610.40973077109,1658.4924418274454,1.0017846744073235
10157000,1590705911,35560.557215312765,20.423523155691143,850.6669317374884,43466.07612902108,1741.1568486117724,1.0018208341287638
10158000,1590719602,35560.557215312765,20.423523155691143,850.6669317374884,43466.07612902108,1741.1568486117724,1.0018208341287638
10159000,1590732531,34824.547146667515,20.85646920569114,850.6669317374884,44202.08619766633,1669.723998018076,1.0018520298187803
10160000,1590746214,34824.547146667515,20.85646920569114,850.6669317374884,44202.08619766633,1669.723998018076,1.0018520298187803
10161000,1590759625,34824.547146667515,20.85646920569114,850.6669317374884,44202.08619766633,1669.723998018076,1.0018520298187803
10162000,1590773291,34824.547146667515,20.85646920569114,850.6669317374884,44202.08619766633,1669.723998018076,1.0018520298187803
10163000,1590786531,34943.29622222606,20.78580381863313,850.6669317374884,44320.83527322488,1681.113539179161,1.0018571368031632
10164000,1590799908,35248.661960827565,20.613961618228046,850.6669317374884,49316.44712476337,1709.9411851848356,1.0020571674950978
10165000,1590813192,34796.249800640326,20.882785677333604,850.6669317374884,49768.85928495062,1666.2647569288877,1.0020765172754822
10166000,1590826563,34796.249800640326,20.882785677333604,850.6669317374884,49768.85928495062,1666.2647569288877,1.0020765172754822
10167000,1590839778,35778.37355659842,20.311224648371685,850.6669317374884,50750.98304090871,1761.507450978182,1.0021178575145897
10168000,1590853669,36151.7373852104,20.10703205151411,850.6669317374884,54040.29491001672,1797.9648758001606,1.0022568224336783
10169000,1590866715,36151.7373852104,20.10703205151411,850.6669317374884,54040.29491001672,1797.9648758001606,1.0022568224336783
10170000,1590879948,35726.936100909144,20.35301141422038,850.6669317374884,58079.02593222648,1755.36363508091,1.0024268114913135
10171000,1590893420,35077.449942271436,20.740296160721886,850.6669317374884,64093.73756671678,1691.2704462099896,1.002679031605202
10172000,1590907181,35848.858619761784,20.29870080494195,850.6669317374884,66865.1462442071,1766.0666544251926,1.002795177895467
10173000,1590919824,36016.5947076663,20.213684148001203,850.6669317374884,72440.01288564339,1781.7926927104845,1.0030313596318652
10174000,1590933803,35981.10077473477,20.233684148001203,850.6669317374884,72475.50681857493,1778.2772782033962,1.0030328468058018
10175000,1590947369,36474.64975382253,19.962343635836962,850.6669317374884,73985.34557039468,1827.172721761097,1.0030943360032902
10176000,1590960526,36288.21125846937,20.07520092836088,850.6669317374884,80172.53882826981,1807.6138509380414,1.0033516756731242
10177000,1590974082,36303.21125846937,20.06693099874245,850.6669317374884,80187.53882826981,1809.106298354462,1.0033522975308855
10178000,1590987649,36303.21125846937,20.06693099874245,850.6669317374884,80187.53882826981,1809.106298354462,1.0033522975308855
10179000,1591001390,36303.21125846937,20.06693099874245,850.6669317374884,80187.53882826981,1809.106298354462,1.0033522975308855
10180000,1591014647,37947.773262114046,21.579288615454487,901.7485133131804,84207.58221369915,1758.5275371374796,1.0035205614689942
10181000,1591028375,38096.57055784589,21.495256262019247,901.7485133131804,84356.37950943099,1772.324558193805,1.003526440835135
10182000,1591041827,38096.57055784589,21.495256262019247,901.7485133131804,84356.37950943099,1772.324558193805,1.003526440835135
10183000,1591054955,35983.5974361392,22.761347201019248,901.7485133131804,86469.35263113763,1580.9080683294465,1.0036119793935516
10184000,1591069051,35676.72289398569,22.963578716930908,901.7485133131804,89950.15459992064,1553.6220784124316,1.003752934626146
10185000,1591082752,35575.308267375265,23.02923803025568,901.7485133131804,90051.56922653105,1544.7887689830047,1.0037572273963502
10186000,1591095476,36133.990509388284,22.6742253927772,901.7485133131804,90610.25146854413,1593.6152121385662,1.0037805074509316
10187000,1591108934,39474.63135870045,20.76081853577349,901.7485133131804,93950.89231785623,1901.400529592835,1.0039124558893262
10188000,1591122115,39251.73208050122,20.885189645336922,901.7485133131804,97993.07976782553,1879.4051070187447,1.0040681464403107
10189000,1591135126,40037.68825466854,20.476413421431264,901.7485133131804,98779.0359419928,1955.3076718388488,1.0040977793144112
10190000,1591148690,39630.632260947204,20.68736456497211,901.7485133131804,99186.0919357141,1915.6926507714707,1.0041131379963268
10191000,1591162620,39577.24060090732,20.721220669801657,901.7485133131804,102970.21640168953,1909.9859622935114,1.004257279467812
10192000,1591176279,39687.82101756031,20.6641321913473,901.7485133131804,103384.86417954623,1920.613972561538,1.0042729807394937
10193000,1591189759,40444.13112779895,20.278851129664982,901.7485133131804,104143.17428978489,1994.3995283162326,1.0043012272844316
10194000,1591203024,40319.24770853482,20.341851129664985,901.7485133131804,104268.057709049,1982.0835110594405,1.0043058928936095
10195000,1591215943,40319.24770853482,20.341851129664985,901.7485133131804,104268.057709049,1982.0835110594405,1.0043058928936095
10196000,1591229486,40177.912968706376,20.413623429608702,901.7485133131804,104409.39244887744,1968.1911497608398,1.004311189497193
10197000,1591242797,39789.25208771925,20.6136234296087,901.7485133131804,104798.0533298646,1930.2405626837703,1.004325806041215
10198000,1591256276,39789.25208771925,20.6136234296087,901.7485133131804,104798.0533298646,1930.2405626837703,1.004325806041215
10199000,1591269722,40397.68814930567,20.310667704693987,901.7485133131804,109905.25359450324,1988.988680070295,1.0045115197852388
10200000,1591282421,40397.68814930567,20.310667704693987,901.7485133131804,109905.25359450324,1988.988680070295,1.0045115197852388
10201000,1591296562,39942.35783003808,20.55007839074636,901.7485133131804,115254.87016730422,1943.6596333386265,1.0047040559317215
10202000,1591309992,39496.18269958344,20.782924272264253,901.7485133131804,115701.0452977589,1900.4150802922793,1.0047209409784992
10203000,1591323776,39496.18269958344,20.782924272264253,901.7485133131804,115701.0452977589,1900.4150802922793,1.0047209409784992
10204000,1591336719,39496.18269958344,20.782924272264253,901.7485133131804,115701.0452977589,1900.4150802922793,1.0047209409784992
10205000,1591350178,40120.97347952359,20.460451271871825,901.7485133131804,116466.22381023732,1960.9036451058264,1.0047497345621872
10206000,1591363941,40120.97347952359,20.460451271871825,901.7485133131804,116466.22381023732,1960.9036451058264,1.0047497345621872
10207000,1591377165,40639.392642176375,20.202570963382033,901.7485133131804,118590.0177123375,2011.5950942994784,1.0048274481671513
10208000,1591389945,39725.15032598058,20.67236508491281,901.7485133131804,121714.0652419792,1921.6548354679041,1.0049452986349106
10209000,1591403124,39725.15032598058,20.67236508491281,901.7485133131804,121714.0652419792,1921.6548354679041,1.0049452986349106
10210000,1591417205,39158.58082716913,20.972365084912813,901.7485133131804,122280.63474079064,1867.1513998838025,1.004966862246742
10211000,1591430617,36964.9611137627,19.782490855310968,850.6669317374884,129768.86704219767,1868.5696045115967,1.0052545858930604
10212000,1591444237,36964.9611137627,19.782490855310968,850.6669317374884,129768.86704219767,1868.5696045115967,1.0052545858930604
10213000,1591457899,36964.9611137627,19.782490855310968,850.6669317374884,129768.86704219767,1868.5696045115967,1.0052545858930604
10214000,1591471055,36544.075758855804,20.015549633002404,850.6669317374884,132960.02900733694,1825.7842741725424,1.0053856931936374
10215000,1591484259,36544.075758855804,20.015549633002404,850.6669317374884,132960.02900733694,1825.7842741725424,1.0053856931936374
10216000,1591497534,37012.3457588558,19.76306852490848,850.6669317374884,133428.29900733693,1872.8035938451105,1.0054047735309302
10217000,1591510232,37012.3457588558,19.76306852490848,850.6669317374884,133428.29900733693,1872.8035938451105,1.0054047735309302
10218000,1591524138,37012.3457588558,19.76306852490848,850.6669317374884,133428.29900733693,1872.8035938451105,1.0054047735309302
10219000,1591537708,36209.51795547052,20.202568524908482,850.6669317374884,134231.1268107222,1792.3224916092468,1.0054375834947358
10220000,1591550906,36209.51795547052,20.202568524908482,850.6669317374884,134231.1268107222,1792.3224916092468,1.0054375834947358
10221000,1591564062,36209.51795547052,20.202568524908482,850.6669317374884,134231.1268107222,1792.3224916092468,1.0054375834947358
10222000,1591577554,36591.33430885437,20.00069890214984,850.6669317374884,139672.42618796378,1829.5027832713001,1.005662273959934
10223000,1591590964,36597.08013726561,19.999720879680364,850.6669317374884,140989.23688043375,1829.8795446914505,1.0057166385593366
10224000,1591604493,36597.08013726561,19.999720879680364,850.6669317374884,140989.23688043375,1829.8795446914505,1.0057166385593366
10225000,1591618133,36597.08013726561,19.999720879680364,850.6669317374884,140989.23688043375,1829.8795446914505,1.0057166385593366
10226000,1591631460,36597.08013726561,19.999720879680364,850.6669317374884,140989.23688043375,1829.8795446914505,1.0057166385593366
10227000,1591643842,36597.08013726561,19.999720879680364,850.6669317374884,140989.23688043375,1829.8795446914505,1.0057166385593366
10228000,1591658478,38408.15410715148,19.060196683653558,850.6669317374884,143337.64121750506,2015.0974695917569,1.005809784278526
10229000,1591671671,38408.15410715148,19.060196683653558,850.6669317374884,143337.64121750506,2015.0974695917569,1.005809784278526
10230000,1591685059,39087.236945468,18.732883184827497,850.6669317374884,146066.3184717842,2086.557448728784,1.005912598675181
10231000,1591699000,37874.87519006631,19.33432065848589,850.6669317374884,147278.6802271859,1958.9452279743227,1.0059595387169595
10232000,1591712345,37874.87519006631,19.33432065848589,850.6669317374884,147278.6802271859,1958.9452279743227,1.0059595387169595
10233000,1591725334,37874.87519006631,19.33432065848589,850.6669317374884,147278.6802271859,1958.9452279743227,1.0059595387169595
10234000,1591738588,38199.87519006631,19.17031585153612,850.6669317374884,147603.6802271859,1992.6575798700449,1.0059723768390891
10235000,1591752128,38019.9119477096,19.261329560405187,850.6669317374884,147783.64346954259,1973.8986256621524,1.0059795070517388
10236000,1591766030,37237.78731685248,19.669186432935366,850.6669317374884,149945.0445092929,1893.2042483719158,1.006063936032089
10237000,1591779311,37237.78731685248,19.669186432935366,850.6669317374884,149945.0445092929,1893.2042483719158,1.006063936032089
10238000,1591793059,37143.184692918396,19.71943403016584,850.6669317374884,150039.647133227,1883.582694924131,1.0060677814681411
10239000,1591806057,37124.41486333701,19.72943403016584,850.6669317374884,150058.41696280838,1881.6766262313786,1.0060685463676262
10240000,1591819406,37124.41486333701,19.72943403016584,850.6669317374884,150058.41696280838,1881.6766262313786,1.0060685463676262
10241000,1591833260,37524.41486333701,19.519747884672004,850.6669317374884,150458.41696280838,1922.3821478146888,1.0060846333768003
10242000,1591846268,36957.440487698084,19.824125752785246,850.6669317374884,153538.39890101072,1864.2658419630775,1.0062095025280526
10243000,1591859571,36957.440487698084,19.824125752785246,850.6669317374884,153538.39890101072,1864.2658419630775,1.0062095025280526
10244000,1591873315,36453.278152267296,20.099125752785238,850.6669317374884,154042.56123644154,1813.6748135533105,1.0062301538838865
10245000,1591886639,36716.47498834834,19.976985317485198,850.6669317374884,167552.6529857808,1837.938728233014,1.0067830942302354
10246000,1591899938,36716.47498834834,19.976985317485198,850.6669317374884,167552.6529857808,1837.938728233014,1.0067830942302354
10247000,1591913102,37173.25822161264,19.739100002244054,850.6669317374884,172341.69832275374,1883.22964154326,1.0069767359730857
10248000,1591926628,37908.107154977486,19.359606523873047,850.6669317374884,174406.84938938884,1958.103182945976,1.007058645604415
10249000,1591939620,37908.10715497749,19.359606523873044,850.6669317374884,174406.84938938884,1958.103182945976,1.007058645604415
10250000,1591953795,37236.837279097126,19.709653023373043,850.6669317374884,175078.11926526926,1889.269041669032,1.007085474953512
10251000,1591966635,37236.837279097126,19.709653023373043,850.6669317374884,175078.11926526926,1889.269041669032,1.007085474953512
10252000,1591979733,37236.837279097126,19.709653023373043,850.6669317374884,175078.11926526926,1889.269041669032,1.007085474953512
10253000,1591993124,37236.837279097126,19.709653023373043,850.6669317374884,175078.11926526926,1889.269041669032,1.007085474953512
10254000,1592006546,37236.837279097126,19.709653023373043,850.6669317374884,175078.11926526926,1889.269041669032,1.007085474953512
10255000,1592019751,37236.837279097126,19.709653023373043,850.6669317374884,175078.11926526926,1889.269041669032,1.007085474953512
10256000,1592033473,37226.5830431856,19.716641696428546,850.6669317374884,176071.40151046077,1888.0792995253748,1.0071253068026529
10257000,1592046629,37226.5830431856,19.716641696428546,850.6669317374884,176071.40151046077,1888.0792995253748,1.0071253068026529
10258000,1592060020,36488.544995517055,20.116641696428548,850.6669317374884,176809.4395581293,1813.8487301285056,1.007155346718324
10259000,1592073386,37018.97606623449,19.82925023471064,850.6669317374884,177339.87062884675,1866.8873319997567,1.007176994144974
10260000,1592086308,37018.97606623449,19.82925023471064,850.6669317374884,177339.87062884675,1866.8873319997567,1.007176994144974
10261000,1592099641,37018.97606623449,19.82925023471064,850.6669317374884,177339.87062884675,1866.8873319997567,1.007176994144974
10262000,1592112872,37018.97606623449,19.82925023471064,850.6669317374884,177339.87062884675,1866.8873319997567,1.007176994144974
10263000,1592126059,37018.97606623449,19.82925023471064,850.6669317374884,177339.87062884675,1866.8873319997567,1.007176994144974
10264000,1592139511,36565.6444503226,20.07583025931219,850.6669317374884,177793.20224475866,1821.3764500903562,1.0071956070520092
10265000,1592152586,36565.6444503226,20.07583025931219,850.6669317374884,177793.20224475866,1821.3764500903562,1.0071956070520092
10266000,1592166335,36565.6444503226,20.07583025931219,850.6669317374884,177793.20224475866,1821.3764500903562,1.0071956070520092
10267000,1592179165,36565.6444503226,20.07583025931219,850.6669317374884,177793.20224475866,1821.3764500903562,1.0071956070520092
10268000,1592193218,36565.59445032259,20.075857793718892,850.6669317374884,177793.25224475868,1821.3714614855871,1.00719560912409
10269000,1592206623,36565.59445032259,20.075857793718892,850.6669317374884,177793.25224475868,1821.3714614855871,1.00719560912409
10270000,1592220051,36565.59445032259,20.075857793718892,850.6669317374884,177793.25224475868,1821.3714614855871,1.00719560912409
10271000,1592233420,36565.59445032259,20.075857793718892,850.6669317374884,177793.25224475868,1821.3714614855871,1.00719560912409
10272000,1592246168,36565.59445032259,20.075857793718892,850.6669317374884,177793.25224475868,1821.3714614855871,1.00719560912409
10273000,1592259061,36690.647299702585,20.007637760311674,850.6669317374884,177918.30509413863,1833.8320465039767,1.0072007584055545
10274000,1592272524,36690.647299702585,20.007637760311674,850.6669317374884,177918.30509413863,1833.8320465039767,1.0072007584055545
10275000,1592286377,36690.647299702585,20.007637760311674,850.6669317374884,177918.30509413863,1833.8320465039767,1.0072007584055545
10276000,1592299730,36669.616907165946,20.01914687309784,850.6669317374884,177939.33548667523,1831.7272528952453,1.0072016270954205
10277000,1592313369,36651.939415211484,20.02883130379782,850.6669317374884,177957.01297862973,1829.958965616812,1.0072023576062146
10278000,1592326391,33585.46498086966,21.874847976606212,850.6669317374884,187066.9132427708,1535.3462120873808,1.0076011483059342
10279000,1592339702,43807.91913501783,28.181724668900877,1102.4602136527474,194285.78133552035,1554.4797080272656,1.0078529489743409
10280000,1592353299,44465.91027031196,27.787725648354844,1102.4602136527474,206433.4306285671,1600.1997008684484,1.0082707524643868
10281000,1592366561,44374.83686347898,27.873085220144088,1102.4602136527474,221955.54173065472,1592.0317579845432,1.0087835245766918
10282000,1592380480,44214.07046215333,27.974739544381947,1102.4602136527474,222116.30813198042,1580.499807406881,1.0087890281560017
10283000,1592393573,45747.592772264647406636,27.044042248244961967,1102.460213652747487905,226137.947020736914969576,1691.5959660295775,1.0089206263270993
10284000,1592406912,44179.812851221785583568,28.013404997640618547,1102.460213652747487905,231326.708589843845015504,1577.0954246705373,1.0090947824130545
10285000,1592420499,44025.977626853684930584,28.11158396563579823,1102.460213652747487905,231480.543814211945668488,1566.1151531223563,1.0091000726137525
10286000,1592433953,44254.421383318857496686,27.97099953678221476,1102.460213652747487905,233869.535585619039370018,1582.1537348039255,1.0091817801626575
10287000,1592447116,43428.191655869476746428,28.525011906917565645,1102.460213652747487905,245153.785291633368535842,1522.4600710977359,1.0095686703403606
10288000,1592460543,43842.556758544058181195,29.242544389034674099,1121.478831896009642901,247045.061704979251102626,1499.2729830644996,1.0096350867854187
10289000,1592473964,44545.626443679744298662,28.783530336664335992,1121.478831896009642901,248341.992019843564985159,1547.6081607313374,1.0096793743033197
10290000,1592487381,43152.051837435646632633,29.729078532894437228,1121.503704959095422231,255489.782718650768820046,1451.509900977558,1.0099287530212928
10291000,1592501015,43163.487751198855022035,29.732677752473868989,1121.503704959095422231,261027.938935928894456,1451.7188162646228,1.0101237079002217
10292000,1592514143,42016.850441155906504629,30.54698847103961546,1121.503704959095422231,262388.676245971842973406,1375.4825776357761,1.010171787694485
10293000,1592527754,42016.850441155906504629,30.54698847103961546,1121.503704959095422231,262388.676245971842973406,1375.4825776357761,1.010171787694485
10294000,1592541097,40801.543074891859862931,31.462967655963427918,1121.503704959095422231,265129.137286981157021282,1296.81165238583,1.0102699220209541
10295000,1592554190,41464.686484640644206129,30.971463102854170704,1121.503704959095422231,270434.809931227529404777,1338.8029602262955,1.0104605006124447
10296000,1592567266,41751.766233068834551901,30.762427490210441905,1121.503704959095422231,272210.136133910138551763,1357.232495594034,1.0105248900413017
10297000,1592581019,40490.866182463430963993,31.727980634904171768,1121.503704959095422231,275471.036184515542139671,1276.18793797167,1.0106459428800454
10298000,1592594022,40472.841639354351026555,31.747762803878177804,1121.503704959095422231,277866.650638977461955463,1274.8249975714937,1.010735918935964
10299000,1592607365,41122.402149824941178533,31.247762803878177804,1121.503704959095422231,278516.211149448052107441,1316.0110823908717,1.010759867833874
10300000,1592620823,41233.811122349279151213,31.166531192854420183,1121.503704959095422231,279919.080323025313829889,1323.015733358321,1.0108116999927883
10301000,1592633837,41233.811122349279151213,31.166531192854420183,1121.503704959095422231,279919.080323025313829889,1323.015733358321,1.0108116999927883
10302000,1592647377,46033.331501064302991559,32.423127432220524951,1208.566560946915388167,281517.600701740337670235,1419.7683920928189,1.0108648164708545
10303000,1592661070,45148.482197416177634984,33.060496742591966213,1208.566560946915388167,282402.45000538846302681,1365.632299748576,1.0108941675776995
10304000,1592674323,45226.288974406177634984,33.003790278384123096,1208.566560946915388167,282480.25678237846302681,1370.33621268728,1.0108967776395714
10305000,1592687778,44313.33326870652034473,32.635378860258921091,1189.547942703653233171,284066.649965395233134431,1357.8311273312104,1.0109497953531017
10306000,1592700868,43385.388894207856908652,33.347368936139613378,1189.547942703653233171,290170.470845930774980775,1301.013851416317,1.0111616369306133
10307000,1592714074,43025.352039766472208565,33.627702220132540018,1189.547942703653233171,290718.507700372159680862,1279.461551018721,1.0111809111777659
10308000,1592727831,42268.539318418707406816,34.353163472774668266,1191.216165234279052383,302001.599193901091318479,1230.4118469880386,1.0115827379049682
10309000,1592741055,42198.771609541675395896,34.412217402496242283,1191.216165234279052383,302933.831485024059307559,1226.272957536314,1.0116159196352816
10310000,1592754650,43353.09573032580416277,33.501150701425417176,1191.216165234279052383,305162.562179038976131725,1294.0778099446359,1.0116943889017105
10311000,1592767947,42914.006512576095114034,33.852141960449114747,1191.216165234279052383,308671.149051615397744173,1267.689547169994,1.0118171348394045
10312000,1592780822,41650.524634362015320068,34.890586447157134561,1191.216165234279052383,313348.758515873641577673,1193.746763111678,1.0119843454516533
10313000,1592794125,41285.399789256521051465,35.218385110477862792,1191.216165234279052383,320943.750562502551368974,1172.2683950370472,1.012260727612609
10314000,1592808081,41335.253119650547581403,35.187481064240659001,1191.216165234279052383,325429.838088217064678138,1174.7147527890984,1.012427216724987
10315000,1592821490,42503.585420174094612015,34.223162875660870126,1191.216165234279052383,326630.645787693517647526,1241.9537485356786,1.012470264538541
10316000,1592834890,41543.011099841555053986,35.016876119063764512,1191.216165234279052383,327591.220108026057205555,1186.3711359799127,1.0125048387619808
10317000,1592847979,42370.879049633384967371,34.337359502572075976,1191.216165234279052383,329486.617008255298103306,1233.9585705901336,1.0125736147139033
10318000,1592861502,42319.287007184682340648,34.300347887391266351,1189.547942703653233171,336817.189969403408416908,1233.7859413589551,1.0128298288296274
10319000,1592874708,42322.700822625062506669,34.308870160269540068,1189.547942703653233171,341591.377375268215535923,1233.5789731611658,1.0129965007566244
10320000,1592887950,41790.717518562269759109,34.751076710482252315,1189.547942703653233171,343839.656953439773272097,1202.5733149717514,1.0130761615634851
10321000,1592901925,41640.905079318509868791,34.885703305473303494,1189.547942703653233171,347691.798673661503335545,1193.6381134327128,1.0132156085599537
10322000,1592915149,42538.710300210924695427,34.155894392668516173,1189.547942703653233171,350411.567856949088508909,1245.4280895464344,1.0133116603291537
10323000,1592927890,42443.49152944180521765,34.240961554281862421,1189.547942703653233171,353964.337908006998738328,1239.5531434523693,1.0134365828581267
10324000,1592941546,42078.494344009678083335,34.552677631991671913,1189.547942703653233171,360096.638655325791743509,1217.8070478986554,1.0136522755547293
10325000,1592955125,42064.900360995218918356,34.56758456256956213,1189.547942703653233171,361608.964235531936505772,1216.8886224854684,1.0137071249953364
10326000,1592968552,42064.900360995218918356,34.56758456256956213,1189.547942703653233171,361608.964235531936505772,1216.8886224854684,1.0137071249953364
10327000,1592982274,43500.709859498349902277,33.433918935450023494,1189.547942703653233171,364727.245326442124488953,1301.0951526048743,1.0138176886326271
10328000,1592995513,43494.709859498349902277,33.438544949890537708,1189.547942703653233171,364733.245326442124488953,1300.7357205487715,1.0138178990229922
10329000,1593008975,43492.948931949212228302,33.440424660289769531,1189.547942703653233171,364961.484398892986814978,1300.6099466074284,1.01382587043336
10330000,1593021557,43628.036403597779172905,33.343690301687761772,1189.547942703653233171,368014.871241510537754777,1308.4345496511958,1.0139293973978047
10331000,1593035455,39085.132550328272571207,31.981275686948403101,1102.485086715833267235,372524.633237471053030495,1222.1255003370288,1.014100420135855
10332000,1593048584,39476.697259623443562881,31.675481165850958101,1102.485086715833267235,377298.981900877334498937,1246.2856381857555,1.0142833408341985
10333000,1593062546,40088.481118301971906945,31.193986078252539128,1102.485086715833267235,378110.765759555862843001,1285.1349301027735,1.0143142209780196
10334000,1593075825,39638.481118301971906945,31.549187642353796618,1102.485086715833267235,378560.765759555862843001,1256.4025916498892,1.0143313989172797
10335000,1593089244,39607.305965870067580289,31.580550785246474467,1102.485086715833267235,381329.590607123958516345,1254.1676753900524,1.0144362926636123
10336000,1593102565,60620.875232403761136443,47.773730299110109489,1677.533076956228540916,382244.950243322038127805,1268.9165123355035,1.0144592015518645
10337000,1593115234,58958.32615274290892752,49.210883894084793066,1677.533076956228540916,417270.851879071900522662,1198.0749274822467,1.0153880858408786
10338000,1593128647,59321.748723417883900439,48.928206620214771904,1677.533076956228540916,425096.047937019664502959,1212.4243421361984,1.0155832493280987
10339000,1593142268,58194.287078391234565518,49.882218485894153779,1677.533076956228540916,427474.179166631243469624,1166.633899710126,1.0156450682537757
10340000,1593155584,57942.016404903255057407,50.111627838560390557,1677.533076956228540916,432248.432230221287692803,1156.2589144293863,1.0157690256739513
10341000,1593169527,57186.502241706382269954,50.785780485094076528,1677.533076956228540916,436848.887385319386456064,1126.0337380950746,1.0158901289896831
10342000,1593182177,57389.302913208543221398,50.610471131622053917,1677.533076956228540916,438436.69520699722550462,1133.9412898164267,1.015931842483037
10343000,1593195376,57773.431797586089679799,50.27804744151044968,1677.307371157761476622,445147.679243439278086583,1149.0786682755568,1.0161097744495722
10344000,1593209252,57407.608066686471517466,50.638867843115364978,1677.307371157761476622,460202.804063531996707852,1133.666894855181,1.0165156379509763
10345000,1593222525,57525.011646565517243028,50.535947113543107132,1677.307371157761476622,460365.40048365295098229,1138.2988730243746,1.0165199508286655
10346000,1593235755,57216.089663126115464621,50.822139209090023377,1677.307371157761476622,465385.588180482382703499,1125.8103368638301,1.0166533636101998
10347000,1593249443,59494.352748187712959917,48.881654207928138107,1677.307371157761476622,467663.851265543980198795,1217.110053091008,1.016712501651709
10348000,1593262962,58922.91910308559583559,49.371848619168196303,1677.307371157761476622,474155.020102364783929376,1193.451749347892,1.0168787359661071
10349000,1593276945,59038.085561277706938576,49.291646605767698313,1677.307371157761476622,480709.840461240692238042,1197.7300339236297,1.0170449332917237
10350000,1593290502,58878.114060170905082263,49.435866238254594164,1677.307371157761476622,484869.811962347494094355,1190.9999468080462,1.0171508443886694
10351000,1593304111,59094.557652969009492111,49.256835795412811085,1677.307371157761476622,485687.368369549389684507,1199.7229764903486,1.0171718728250534
10352000,1593317304,58315.619462050152123895,50.045032262743558344,1677.307371157761476622,539865.387308661065836045,1165.2629007387752,1.0184982283396902
10353000,1593330837,58123.969500213764459324,50.229683055413174517,1677.307371157761476622,547428.107162597186173016,1157.1637717899125,1.0186973970497335
10354000,1593344299,58449.725513851283023626,49.957956062432110781,1677.307371157761476622,550608.62598011771668419,1169.9783201860193,1.0187811792714527
10355000,1593357018,57876.026096679148655307,50.45465726134925986,1677.307371157761476622,551182.325397289851052509,1147.0898671828857,1.0187962237015278
10356000,1593370149,58177.976977927393305676,50.202842666833998197,1677.307371157761476622,555064.211346977028022916,1158.8582217150442,1.0188982275731053
10357000,1593383778,57878.198531072236123319,50.468238409722192424,1677.307371157761476622,557119.582977181367673753,1146.8242275704752,1.0189524550342015
10358000,1593396882,57579.871584024727617326,50.743567028837530084,1677.307371157761476622,562492.589442045534640418,1134.7225856491746,1.0190915177498834
10359000,1593410377,60888.065232149133171644,54.050725021248271059,1779.892071087142256253,567994.521496400988305028,1126.4985845835183,1.0192323056163206
10360000,1593423930,60778.21518992611539092,54.148709807877827502,1779.892071087142256253,568104.371538624006085752,1122.431455995352,1.019235072154996
10361000,1593437114,60960.054759089358046847,53.990750491025224689,1779.892071087142256253,569445.582996030560519865,1129.0833004668573,1.019268700066012
10362000,1593450832,61968.922583387760126356,53.127841057291980647,1779.892071087142256253,575719.130177470688985484,1166.411458665556,1.019422907165939
10363000,1593464751,62176.042396029007393834,52.96558102431980687,1779.892071087142256253,581462.3737138487557841,1173.8952201332427,1.0195645799712452
10364000,1593478114,61014.554339885233868271,53.987722754640335052,1779.892071087142256253,586792.279822960054221785,1130.156102660228,1.0196956293308979
10365000,1593491533,63050.897087697845678731,52.323936369299105401,1779.892071087142256253,619426.284952607107956667,1205.0105833530665,1.0204745333485334
10366000,1593505290,62019.99581562801964717,53.194798266349463477,1779.867198024056476923,620456.305540807189185514,1165.9033935064529,1.0204996264803643
10367000,1593518496,61961.929946248185572133,53.244798266349463477,1779.867198024056476923,620514.371410187023260551,1163.717996193591,1.020501063947238
10368000,1593531858,60261.00976130316836391,54.767485964067470537,1779.867198024056476923,628051.970486625089112994,1100.3062985370545,1.0206856425136188
10369000,1593545222,60476.78842557964757902,56.64365771920844704,1812.56920185093565058,644888.560694759954391925,1067.6709601871516,1.0211167695961365
10370000,1593558059,61566.91742151729563709,55.64365771920844704,1812.56920185093565058,645978.689690697602449995,1106.4498623041475,1.02114389114277
10371000,1593571499,64130.631873214178773942,58.780329321589930292,1901.154120306705800222,650305.446733134829780521,1091.0219900666514,1.0212485239565146
10372000,1593585965,54652.097316434446591673,51.917126227806752424,1649.360838391446881727,651364.562350701768555552,1052.6795546546034,1.0212758452225927
10373000,1593599509,52986.265867708438549097,53.558859616753790448,1649.360838391446881727,654562.743470359556935792,989.3090750411303,1.021366570364151
10374000,1593612868,54620.125138285105393194,49.974377892982920938,1616.65883456456770807,675722.400090657115455505,1092.9625828509716,1.0219547433531493
10375000,1593626076,53692.073013924470576144,52.812552740256998894,1647.415603017895109237,683105.137206231205277357,1016.6536216871231,1.0221637876705782
10376000,1593639229,53073.871815834417756774,53.453785141086343078,1647.415603017895109237,691769.174931242660334731,992.8926768375864,1.0224131872941393
10377000,1593652401,53140.842340199954308386,53.389741574965745583,1647.415603017895109237,692867.411322421490493903,995.3380700594644,1.022444990626873
10378000,1593666201,52710.126010272629725983,53.846342481447332311,1647.415603017895109237,699530.386217784602587024,978.898910885801,1.0226380713050214
10379000,1593679735,53304.970087157540629159,53.251470067841747038,1647.415603017895109237,701561.542140899691683848,1001.0046674626567,1.022695812642499
10380000,1593693091,52648.533885141093413765,53.919751067297631975,1647.415603017895109237,702985.106342916138899242,976.4239048401777,1.022736852352038
10381000,1593706359,54567.104055168071042725,52.03935125252159065,1647.415603017895109237,708339.388470780945499146,1048.573872306373,1.0228883088772223
10382000,1593720266,55189.650816292305457163,51.469319827416104335,1647.415603017895109237,714390.676493877691125322,1072.2824976384181,1.0230570740759992
10383000,1593732971,54299.542184435012967027,52.316694990466700978,1647.415603017895109237,715671.119839350042002314,1037.9008497063821,1.0230928727745616
10384000,1593746073,54408.085337102563367843,52.226034124650950266,1647.415603017895109237,720514.211400267491601498,1041.780909636822,1.0232271866895506
10385000,1593759463,54390.689501417642132836,52.254496402244912894,1647.415603017895109237,724617.178348839241549459,1040.8805604541421,1.0233423339112238
10386000,1593772912,58032.830269245096153377,48.99067786157160961,1647.415603017895109237,730708.983455145636751998,1184.5688364064497,1.0235060760467907
10387000,1593786729,55010.315429110980481317,51.70540018967600898,1647.415603017895109237,739344.407049665882197016,1063.9181831551682,1.0237333337229746
10388000,1593800162,56084.363284599402994323,50.742015842156450472,1647.415603017895109237,749586.49883366680445114,1105.284493605091,1.0240038281337038
10389000,1593812749,57156.413943697529623187,49.797830518590482692,1647.415603017895109237,752499.9521164856796774,1147.7691567780237,1.0240815051199608
10390000,1593826263,56152.790516323587917603,50.697768036135014559,1647.415603017895109237,756178.276546617318797406,1107.5988685793916,1.0241814762400017
10391000,1593839572,57051.102829080642809067,49.913123726429980452,1647.415603017895109237,761555.980720262204397054,1143.0080622037078,1.0243213437101957
10392000,1593853200,56183.11671724438213545,50.686573290906667624,1647.415603017895109237,762423.966832098465070671,1108.4418036072645,1.0243448883376807
10393000,1593866326,55375.450040080574310948,51.428075875806667752,1647.415603017895109237,763231.633509262272895173,1076.7552372327987,1.0243670429393614
10394000,1593880334,55672.660847107981152533,51.161313305944352562,1647.415603017895109237,766060.145986682791266808,1088.1788845838612,1.0244450221174755
10395000,1593893650,55762.25766075583586235,51.085226648639255276,1647.415603017895109237,768278.095476882432319233,1091.5534944042606,1.0245063669405472
10396000,1593906790,55050.961801072284839581,51.754327412052297966,1647.415603017895109237,771502.497430094342510474,1063.6977534800749,1.0245959031334253
10397000,1593919795,60709.75247936876475925,56.437408018907990993,1806.572883712673582566,771936.795519198236783367,1075.7005789321406,1.0246068941943485
10398000,1593933211,60733.740940505882987684,57.172292649586906565,1818.525905438321174335,774862.088628073387425723,1062.2932565035892,1.0246801620196233
10399000,1593947005,62450.829206576519586629,58.514681038256224163,1865.283806058605925373,781305.847651767750826778,1067.267702711169,1.0248412696308284
10400000,1593960035,62249.225806271627216691,58.720076924846030485,1865.283806058605925373,786859.718149271453790936,1060.1012305542863,1.0249799388417689
10401000,1593973723,61664.532890550924820725,59.278529997600726121,1865.283806058605925373,787444.411064992156186902,1040.2507095409885,1.0249944548907874
10402000,1593986846,62502.69156174812990548,58.503278928252693104,1865.283806058605925373,794391.671712359150859515,1068.3621962180998,1.0251668254905233
10403000,1594000010,58024.000259399775546742,52.728137631539033011,1706.126525363827452044,796278.319685157907566722,1100.4371264706504,1.0252123147801648
10404000,1594013483,58515.641716630663150435,52.205822752469103278,1704.614086578408223727,801384.354792021322585013,1120.8642758889023,1.0253435062899234
10405000,1594026740,57907.404482281980778397,52.755822752469103278,1704.614086578408223727,801992.592026370004957051,1097.649538212761,1.0253595410741738
10406000,1594039361,59611.389983832532931288,51.264593673504959384,1704.614086578408223727,808671.855212250827521476,1162.81795508781,1.0255275007422326
10407000,1594053506,60639.501762099917404392,50.416394688125482228,1704.614086578408223727,817138.456604024243561152,1202.7734656001153,1.025740803710041
10408000,1594067228,60104.484003221157692877,50.866528510766516703,1704.614086578408223727,817673.474362903003272667,1181.6116759471668,1.0257544581273403
10409000,1594080205,59379.384683895826429069,51.919320152971664175,1711.667689954235986053,819480.573682228334536475,1143.6857129281416,1.0258004662800908
10410000,1594093901,59396.015795039624366999,51.907301650133332557,1711.667689954235986053,820439.892127218902355985,1144.2709196363523,1.025825358665628
10411000,1594107916,59897.445795039624366999,51.474053687423811231,1711.667689954235986053,820941.322127218902355985,1163.6434573186496,1.0258382404160533
10412000,1594120925,58872.445795039624366999,52.372941582691170168,1711.667689954235986053,821966.322127218902355985,1124.1004231562295,1.0258646622141228
10413000,1594133831,57785.468312594477294398,53.369220096220179263,1711.667689954235986053,826055.435727157815457898,1082.748974191719,1.0259714931479287
10414000,1594146832,59887.073596423368338519,51.511451971999890953,1711.667689954235986053,831932.752214394027689873,1162.5972731068855,1.0261219760160978
10415000,1594160347,59367.911232532226416611,51.973411322157066898,1711.667689954235986053,836338.843854296854321231,1142.274669340836,1.0262355222321422
10416000,1594173233,58540.665009363545491383,52.721089860391951739,1711.667689954235986053,841255.435569393312283447,1110.384196616233,1.026364359393966
10417000,1594186511,59274.883694791745340036,52.075404229975432704,1711.667689954235986053,844088.01613893693424239,1138.2510528967182,1.0264368313247794
10418000,1594199176,59182.123310683255388984,52.157379856935970254,1711.667689954235986053,844221.789309158193626228,1134.6835955528377,1.0264403157460145
10419000,1594213148,58443.349086564735356163,52.818923986456945077,1711.667689954235986053,845050.563533276713659049,1106.4850374753928,1.0264619841081268
10420000,1594226396,59596.564063369317960649,51.804617257312883458,1711.667689954235986053,847989.854842359772835405,1150.4102765078628,1.0265388563154119
10421000,1594239869,61189.416175629987858177,55.348736506739124974,1792.159556769865914844,860865.034852192391103238,1105.5250767680977,1.0268696968610804
10422000,1594253040,58588.364150552249912152,54.858613580233983128,1745.401656149581163806,871734.298476550269797315,1067.9884219980017,1.0271472700409212
10423000,1594266589,59621.505063474452593554,53.928622109767192658,1745.401656149581163806,879174.499603821387305865,1105.5632933124061,1.0273436616574414
10424000,1594280246,57732.454445502604312257,55.715654126304417703,1745.401656149581163806,887329.006231144296369742,1036.1980910181223,1.0275506632356886
10425000,1594293864,59585.32413202051425302,54.006755045917246806,1745.401656149581163806,896006.732370749027118653,1103.293913536562,1.027775619423647
10426000,1594307377,59333.374901203522281259,54.244412472685046556,1745.401656149581163806,899030.681601566019090414,1093.8154216543692,1.0278545129094756
10427000,1594320826,57845.786713403183024363,55.691800637066210374,1745.401656149581163806,917726.381470202865773884,1038.6768977066145,1.0283385390132895
10428000,1594334149,58507.571173821391024618,55.814500775284475483,1756.887589497787511455,926858.524919854871262907,1048.2503715186763,1.0285740945672035
10429000,1594347220,58772.898999031844671115,55.411245797295526687,1753.819125672596213342,941823.931076760860219804,1060.6673456509868,1.028969997534072
10430000,1594360496,60333.765359898913866245,53.983548131885137191,1753.819125672596213342,943973.398510413791024674,1117.6324537338635,1.0290254738837803
10431000,1594374009,62061.71347865580098455,56.041263028630175212,1812.219694823719512527,946626.634641023177913393,1107.4288858720033,1.0290938726841568
10432000,1594387193,60488.191657937625598895,57.504802366466202089,1812.219694823719512527,948657.511040869232161904,1051.8806981103753,1.0291448669076697
10433000,1594400599,61840.313677341082474821,56.256335938750172885,1812.219694823719512527,951869.63306027268903783,1099.2595348668021,1.0292259254510994
10434000,1594414771,61976.714902431662342652,56.163777755222923367,1812.219694823719512527,963289.771993451263475893,1103.499753391645,1.029512410864625
10435000,1594428258,61497.386043536453884587,56.621666283245165695,1812.219694823719512527,970569.100852346471933958,1086.1104958639137,1.029695477250033
10436000,1594440997,59860.845263038483627186,55.708945472139059044,1773.045456847377061824,980162.915170546999524556,1074.5284218847019,1.0299449707398083
10437000,1594454430,60050.718250540924575118,55.601839907585876198,1773.045456847377061824,1004852.526331123725426094,1080.0131497509685,1.0305849939595035
10438000,1594467342,59795.433261333451135331,55.846611026333129303,1773.045456847377061824,1007550.880545616550965369,1070.7083592438285,1.0306531864295505
10439000,1594480640,59746.660217447622442855,55.897956876470674601,1773.045456847377061824,1009599.653589502379657845,1068.8523079561248,1.0307062603849086
10440000,1594494048,58966.800203259171175869,56.665972531626956019,1773.348962682160473793,1012866.449864091364340825,1040.6033386323345,1.0307913109179172
10441000,1594507288,61351.524111291316201797,57.090865587540694214,1814.996270062343670433,1026858.515403725742240809,1074.629425914335,1.0311462221737955
10442000,1594520950,62584.110265793826585506,59.918632900387270702,1877.605543838607011297,1035093.667969284496359802,1044.4849496122154,1.03135607320156
10443000,1594534363,61213.036022533163992763,61.268261185334650862,1877.605543838607011297,1037650.745761248085168211,999.0986334240099,1.0314195967547035
10444000,1594547411,62338.998523928475925594,60.170914614463074142,1877.605543838607011297,1040818.024753540829892154,1036.0320916402402,1.0314991112135254
10445000,1594560410,62221.627842279884258669,60.292069473113797365,1877.605543838607011297,1043476.692452835565676307,1032.0035186389903,1.031564578386425
10446000,1594574022,61933.025826246035634134,60.589529821129794916,1877.605543838607011297,1049078.586802282086050986,1022.1737321461721,1.0317051099801156
10447000,1594587213,61084.198023578200500692,61.472377651395302265,1877.605543838607011297,1062767.815604949921184428,993.6852999241637,1.0320484476064256
10448000,1594600559,61636.753437285555041648,60.982574928966387175,1877.605543838607011297,1084195.34085816979161951,1010.7273021692043,1.0325673721833744
10449000,1594613820,60904.571288521232566648,59.036998795875916082,1835.958236458423814657,1094098.905240504426798438,1031.633933477929,1.0328191533486633
10450000,1594627420,60904.571288521232566648,59.036998795875916082,1835.958236458423814657,1094098.905240504426798438,1031.633933477929,1.0328191533486633
10451000,1594640752,60904.571288521232566648,59.036998795875916082,1835.958236458423814657,1094098.905240504426798438,1031.633933477929,1.0328191533486633
10452000,1594653908,60892.947047074414845832,59.066185661476628925,1835.958236458423814657,1100296.889481951244519254,1030.9273633490982,1.0329758347625024
10453000,1594667176,61975.513704209838181294,58.09681460184295026,1835.958236458423814657,1122041.042824815821183792,1066.7626810342172,1.033530816287112
10454000,1594680574,62476.255248157138020257,57.647917276663393475,1835.958236458423814657,1128123.283708993866617709,1083.7556359290766,1.0336809395571553
10455000,1594693763,62579.569106414503159706,57.580196331508877814,1835.958236458423814657,1138140.265819348183551226,1086.8245176887299,1.0339274295240959
10456000,1594707398,63232.660450461160859804,57.0057079578011112,1835.958236458423814657,1145668.008891181525851128,1109.233841938593,1.0341108654256221
10457000,1594721340,65040.600392914148236308,55.434153028898770185,1835.958236458423814657,1150760.716995182954439492,1173.2947441085169,1.034232500264371
10458000,1594734577,64921.008824217597746065,55.57399351822985589,1835.958236458423814657,1165459.245177148104355177,1168.1904558995145,1.0345837079690796
10459000,1594748115,64755.491802366516731948,55.760295767146265423,1835.958236458423814657,1182628.960918069337749198,1161.3190158241625,1.0349944943055818
10460000,1594761446,64610.880337543991331307,55.949347372244513984,1835.958236458423814657,1207510.744009792646147043,1154.8102591380057,1.03558927460242
10461000,1594774626,66859.998776570540617364,54.119055748059364351,1835.958236458423814657,1228510.832383686096860986,1235.4243408795626,1.0360852466162926
10462000,1594788352,67244.922641774168227785,53.821945350736258498,1835.958236458423814657,1233825.908518482469250565,1249.3959890071922,1.0362072982003638
10463000,1594801444,69129.682304165338337487,54.472836681532734362,1872.265461205541851336,1245189.596866293486860226,1269.0670527830532,1.0364655001814094
10464000,1594814844,68912.349291937330159371,55.698024063618538906,1889.140467357928216253,1271804.746569536658319103,1237.2494437724636,1.0370606861168838
10465000,1594828454,67427.977069643250453799,56.927874997791117832,1889.140467357928216253,1273289.118791830738024675,1184.4457055925513,1.0370944268564966
10466000,1594841906,67478.926205897532347902,56.888164661791117832,1889.140467357928216253,1274582.543524357172975326,1186.1681002906337,1.0371242563565675
10467000,1594854859,66730.487044986165826674,57.539702440831346211,1889.140467357928216253,1279790.141616467339496554,1159.7294427027284,1.037245840660006
10468000,1594868516,70773.061240890322768133,54.283910739272502875,1889.140467357928216253,1292794.636170076264872227,1303.7576010471278,1.0375410853484626
10469000,1594881599,67922.703726986196032807,56.663921608171782698,1889.140467357928216253,1334653.588628940391607553,1198.6940155089924,1.0384761943111183
10470000,1594895340,67536.696793607657763389,57.027357669058338079,1889.140467357928216253,1350192.128303558929876971,1184.2859209002318,1.0388366934792377
10471000,1594908843,67916.090543649955696203,56.725377591126938707,1889.140467357928216253,1356899.066084588875264487,1197.2787741173802,1.0389886082935
10472000,1594922341,68773.868230751340622567,56.030275100622465346,1889.140467357928216253,1362105.288397487490338123,1227.441202229387,1.0391036069131045
10473000,1594935634,71015.47661321562293855,56.005258861969239135,1918.559466365917704684,1378664.610933508714218514,1268.01443393451,1.0394788150522931
10474000,1594949366,71292.774496092166422373,55.84889984964399745,1918.559466365917704684,1404425.834172375878616453,1276.529612723367,1.0400514040683106
10475000,1594962832,70481.752841614271618712,56.628461997696609739,1920.134666149010607562,1423098.191601673773420114,1244.6347711947599,1.0404567760608454
10476000,1594976261,71500.737067582828239241,55.835100171128001166,1920.134666149010607562,1428899.207375705216799585,1280.569692692258,1.0405841840968246
10477000,1594989324,68078.133246186919528078,58.652159089531275334,1920.134666149010607562,1432844.38612695514694614,1160.7097556675978,1.0406726303268816
10478000,1595002354,69552.939201573814916237,57.46326579993647142,1920.134666149010607562,1455334.659813428251557981,1210.3895981778799,1.0411689487975624
10479000,1595015950,66064.30298245186796701,60.525392622627778979,1920.134666149010607562,1465724.856338222508187336,1091.5138278302277,1.0414071326811993
10480000,1595029497,66695.322948688835065319,59.970071560761281147,1920.134666149010607562,1472334.469410985541089027,1112.1434611114908,1.0415575826849908
10481000,1595042833,68797.563361150759715392,58.199645683570333061,1920.134666149010607562,1497640.07053042573784046,1182.0959140404564,1.0421134720662393
10482000,1595056022,68451.091611489562337137,58.505090021472884249,1920.134666149010607562,1501986.542280086935218715,1170.0023294787898,1.0422102178737334
10483000,1595068938,69704.21418210549658872,57.465172281052989072,1920.134666149010607562,1506733.419709471000967132,1212.9819056522324,1.0423178753836175
10484000,1595082680,72676.728566015862917576,55.135564067907558277,1920.134666149010607562,1515647.249698567042628778,1318.1460967099888,1.0425140280288385
10485000,1595096280,73563.796364016665166057,54.49592917597524612,1920.134666149010607562,1526760.181900566240380297,1349.8952577993214,1.0427553080153966
10486000,1595109395,70069.152223199595002178,57.261189738555621273,1920.134666149010607562,1546997.851149996951332174,1223.6761503406206,1.0431864243185518
10487000,1595122478,66991.313586350189917741,59.929799666470632981,1920.134666149010607562,1561365.074411026931030571,1117.8297601390168,1.0435156610919598
10488000,1595135940,70932.265301788051791431,56.619340137956481551,1920.134666149010607562,1569424.122695589069156881,1252.7921577495827,1.0436926576879986
10489000,1595149290,54385.414211540251105933,43.76418415675437887,1477.58440543970804066,1586685.872116171081668452,1242.6922895841674,1.0441150116613334
10490000,1595162441,52991.924108982525525782,44.940941799755694973,1477.58440543970804066,1597115.892883398848346005,1179.145829766981,1.0444162737587765
10491000,1595175577,34917.143582636989379286,33.537143518456620463,1035.034144730405473757,1624850.041414887307287211,1041.1484079859367,1.045508846968959
10492000,1595189389,37140.725091405817396833,31.56402931834293381,1035.034144730405473757,1638935.586054148941278884,1176.6788300954365,1.0460844133415372
10493000,1595202619,38207.016698951000468417,30.72635936959692909,1035.034144730405473757,1656772.040277900594009476,1243.460581820703,1.0468210328919985
10494000,1595215786,38916.910361948380070688,30.22192158076084199,1035.034144730405473757,1684287.069057073006864345,1287.7046966703379,1.0477931073771767
10495000,1595229307,37529.218047023447606847,31.349724700357831047,1035.034144730405473757,1688474.761371997939328186,1197.1147563728073,1.047965405980862
10496000,1595242785,38125.888989817956218892,30.867751481806622834,1035.034144730405473757,1692146.408429203430716141,1235.136579750205,1.0481122817680038
10497000,1595256824,38001.228402860365213614,30.992737207062833409,1035.034144730405473757,1702544.073608540504180851,1226.133340497605,1.0485136960078538
10498000,1595270294,37649.295355434272405151,31.315425439449147289,1035.034144730405473757,1715621.155082401076114496,1202.2603821312332,1.0490662305947578
10499000,1595283345,37420.543740734221090183,31.54747686766956782,1035.034144730405473757,1732503.296130261127429464,1186.1659776374534,1.0497422697401646
10500000,1595296768,38574.16706712081837432,30.633144742445665936,1035.034144730405473757,1745074.275005274530145327,1259.229745801187,1.050242026595656
10501000,1595310289,37981.172861861735505888,31.119358025608426929,1035.034144730405473757,1748317.269210533613013759,1220.4998840466649,1.050376080852319
10502000,1595324755,38377.560010526374066502,30.810912833121568872,1035.034144730405473757,1754025.602189728974453145,1245.5833495874454,1.0505973122977492
10503000,1595338300,38295.20726233939610777,30.899261368957143776,1035.034144730405473757,1763513.212210873829133223,1239.3567213490924,1.0509730611290535
10504000,1595351310,38542.811720367909334744,30.708788217234274241,1035.034144730405473757,1766834.847818754353562347,1255.1068914773084,1.0511104636592157
10505000,1595364599,38242.049084547258867674,30.951031960979792016,1035.034144730405473757,1767135.610454575004029417,1235.5662044729013,1.0511228258480538
10506000,1595377772,38157.667976880043732389,31.054193973774652942,1035.034144730405473757,1782776.092184776515836166,1228.7444333317521,1.0517108784737308
10507000,1595391377,37715.704515353056988317,31.419193973774652942,1035.034144730405473757,1783218.055646303502580238,1200.4033122821054,1.0517292564661722
10508000,1595405073,37699.930419832580472117,31.435296804012019296,1035.034144730405473757,1784417.295936023979096438,1199.2866062273354,1.0517787205224551
10509000,1595418172,38090.887878996162157454,31.131275083515906763,1035.034144730405473757,1792083.828883007787187927,1223.5569464087062,1.0520934710416816
10510000,1595431758,38040.887878996162157454,31.175022943902521873,1035.034144730405473757,1793233.828883007787187927,1220.2360828233655,1.0521412223282618
10511000,1595444941,38203.701088439845586078,31.048620981154009838,1035.034144730405473757,1795871.015673564103759303,1230.4475973869773,1.0522506438604997
10512000,1595458535,39089.148683612981089035,30.363820677171826473,1035.034144730405473757,1804131.913454533695468174,1287.35935767797,1.0525715760825358
10513000,1595471028,38872.205733310778386053,30.538637357943504967,1035.034144730405473757,1806412.868173831507337724,1272.886058329633,1.0526639320426365
10514000,1595484090,59917.057253473886361099,44.406085405967646312,1548.800096731755689906,1819863.905909608991623271,1349.298338407955,1.053176392381591
10515000,1595497857,58852.983613531711687707,45.212768279645760869,1548.800096731755689906,1821543.695962471166296663,1301.6894530659963,1.0532207934235684
10516000,1595511516,60865.511656520078924136,43.537510204427838932,1545.506972673338353616,1824058.805690913504542353,1398.0016627209416,1.0532863705232085
10517000,1595524695,61222.823843290364696652,43.292978037049424183,1545.506972673338353616,1828509.009107981736024505,1414.1513617034354,1.0534027319710806
10518000,1595537940,61007.34771109461661265,43.454882462974019514,1545.506972673338353616,1832698.585569808812478201,1403.9238919372588,1.0535117731528514
10519000,1595550800,60880.291422024684573024,43.545845062974019514,1545.506972673338353616,1832825.641858878744517827,1398.073486321884,1.053515074178022
10520000,1595564037,58307.587372141364746666,45.475612198903987802,1545.506972673338353616,1836490.931044963713589869,1282.172675699496,1.0536123297705429
10521000,1595577665,59307.587372141364746666,44.711098231749979889,1545.506972673338353616,1837490.931044963713589869,1326.4623263050653,1.0536389786113545
10522000,1595591287,60371.15297585105438002,43.945342492211137919,1545.506972673338353616,1847461.365441254023956515,1373.7781879058336,1.0539019136242114
10523000,1595604570,62058.04206980397127008,43.731266649431284915,1563.0913955612389729,1848461.365441254023956515,1419.077168911846,1.0539273883271836
10524000,1595617514,59415.373987272405551865,45.688750605466535057,1563.0913955612389729,1854104.03352378558967473,1300.4377051221775,1.0540705659803242
10525000,1595630632,60828.006778913822356268,44.631052322850664515,1563.0913955612389729,1855618.456989364585329741,1362.9077427728603,1.0541101225780154
10526000,1595644773,61479.106803831467395313,44.182299711319017918,1563.0913955612389729,1866967.356964446940290696,1391.4872518073387,1.0543955416452244
10527000,1595658421,61025.577483199355021214,44.52474171270641699,1563.0913955612389729,1873562.486285079052664795,1370.5992474243585,1.0545623957108343
10528000,1595672114,61375.577483199355021214,44.271592576447861306,1563.0913955612389729,1873912.486285079052664795,1386.342209786478,1.054571416438366
10529000,1595685385,60865.679294904789066985,44.647978656912074531,1563.0913955612389729,1876422.384473373618619024,1363.234823296575,1.0546364209088606
10530000,1595699030,61894.23031447562156924,43.968740090616972051,1563.0913955612389729,1908850.835938388700548425,1407.6871474350933,1.0553893844127404
10531000,1595712359,62652.669971258972709642,43.479121300035901888,1563.0913955612389729,1929767.158643651228317999,1440.9828924304238,1.0559073150120741
10532000,1595725572,62358.913923008621170263,43.753188133664145584,1563.218778746403225021,1960235.268223739740620786,1425.2427441974003,1.0566577915727327
10533000,1595738927,59473.333729407690096803,45.884391733053305686,1563.218778746403225021,1963954.848417340671694246,1296.1560888812098,1.0567539199755096
10534000,1595752122,61678.614579034666874012,44.257335654282678269,1563.218778746403225021,1970159.803526273102796571,1393.6359626534854,1.0569152740259824
10535000,1595765196,60850.56359089322963142,44.875278274778158861,1563.218778746403225021,1977235.915593734540039163,1355.9930084064542,1.0571001058115654
10536000,1595778346,64280.316135067516208729,42.491395565224131493,1563.218778746403225021,1982427.59142272822982928,1512.78430091564,1.0572306275894618
10537000,1595791784,64425.722127064243786908,42.398265726571248707,1563.218778746403225021,1983825.928988803068474865,1519.5367315858925,1.057265182102954
10538000,1595805432,61960.903702035238244069,44.082593613476890761,1563.087341912763509124,1986285.414522364138169304,1405.5639340397752,1.0573266889418151
10539000,1595818691,61960.903702035238244069,44.082593613476890761,1563.087341912763509124,1986285.414522364138169304,1405.5639340397752,1.0573266889418151
10540000,1595831829,61460.199474706548021734,44.447567971427270848,1563.087341912763509124,1988986.118749692828391639,1382.7573088861848,1.0573961821041977
10541000,1595845330,61923.452730655644568432,44.118349589505771421,1563.087341912763509124,1990522.865493743731844941,1403.57591131163,1.0574356904936053
10542000,1595858675,65935.705527799979361938,41.445177545718408992,1563.087341912763509124,1996535.118290888066638447,1590.913815125196,1.057582083680273
10543000,1595872747,66813.443312731430218151,42.866455534043706881,1600.130273118538409634,1998692.216994143101694397,1558.6416576866143,1.0576339245490762
10544000,1595886255,64250.651164657017084288,44.581503226176384829,1600.130273118538409634,2001255.00914221751482826,1441.195260704707,1.0576957981728636
10545000,1595899333,61589.478987499579648249,46.524931326114993135,1600.130273118538409634,2009329.541478014952264299,1323.795161690624,1.0578906865506092
10546000,1595912879,63356.398091214151880561,45.235031394841359239,1600.130273118538409634,2012877.040899318976116555,1400.6047113839159,1.057979726789532
10547000,1595925464,65240.159141849162727788,43.93840865489597722,1600.130273118538409634,2017493.380510366917683374,1484.809330585066,1.0580941809744284
10548000,1595939151,65548.175163078989649193,43.738262629097375123,1600.130273118538409634,2020695.364489137090761969,1498.6460646352314,1.0581706828665731
10549000,1595952308,62605.343987117700565011,45.80833496192970303,1600.130273118538409634,2027261.701142797942874631,1366.6801912609926,1.0583336734308948
10550000,1595965859,63877.646107624153590878,44.910287106594022357,1600.130273118538409634,2034125.399022291489848764,1422.3388498054208,1.0585028360383548
10551000,1595979281,63760.259765652869138837,45.058812378235438644,1600.130273118538409634,2066222.492465377280094193,1415.0452797209255,1.059277060741641
10552000,1595992791,60956.83763070187230952,47.137377663625634223,1600.130273118538409634,2069025.91460032827692351,1293.174135941386,1.0593478304264325
10553000,1596006108,61554.168976875666802623,46.709026286947148668,1600.130273118538409634,2081983.870650644944295535,1317.8217117764452,1.0596777154028623
10554000,1596019405,61959.494922576642471951,46.408673422252979082,1600.130273118538409634,2084289.190713743968626207,1335.0843787072577,1.0597371760796368
10555000,1596032209,62542.209568165850028592,45.985642253071732566,1600.130273118538409634,2088490.104947017562962128,1360.037753174757,1.059845100920119
10556000,1596045521,63022.000623945850028592,45.63757589301147971,1600.130273118538409634,2089419.896002797562962128,1380.9234910217144,1.0598686227985847
10557000,1596058733,61106.647079268560371987,47.101733002584399041,1600.130273118538409634,2104107.864381633795297063,1297.3333077981597,1.0602476748191723
10558000,1596072129,62734.882472022411856157,45.888681322221998142,1600.130273118538409634,2108437.364988879943812893,1367.1101601614882,1.0603567161337546
10559000,1596085186,63304.86512621465370696,45.490983003056490999,1600.130273118538409634,2115867.38233468770196209,1391.5914967579677,1.0605370930695635
10560000,1596098759,63083.654699884773164732,45.650983003056490999,1600.130273118538409634,2116088.592761017582504318,1381.868484533205,1.0605426732303669
10561000,1596113146,63227.760683680351797654,45.549943362648205725,1600.130273118538409634,2117476.263028462003871396,1388.0974599746326,1.0605776707043124
10562000,1596126689,64842.372269791739621748,44.420965665703107022,1600.130273118538409634,2120001.956260481675848684,1459.724508417334,1.0606402487816011
10563000,1596140024,63226.268413702736695011,45.559838918572839964,1600.130273118538409634,2121618.060116570678775421,1387.7632123920446,1.0606803506818838
10564000,1596153533,62924.991069821946067959,45.778631143896604781,1600.130273118538409634,2121919.337460451469402473,1374.5494239884315,1.0606879638464353
10565000,1596167425,61628.839570165752695665,46.746948526845446078,1600.130273118538409634,2124386.728741419525754145,1318.349999567866,1.0607506018846315
10566000,1596180845,61861.328445217237364397,46.594209822207637738,1600.130273118538409634,2134973.299729328041085413,1327.661284122325,1.0610118998272755
10567000,1596193921,65704.214693712602057034,43.87857990189087248,1600.130273118538409634,2139678.518419632676392776,1497.4097803671443,1.0611274624975013
10568000,1596207016,56503.687718915233365018,39.589284813574059501,1408.960654733387480361,2154576.821503752143416407,1427.2469933465861,1.061520434949247
10569000,1596220220,57744.130401046494547002,38.746239132448570978,1408.960654733387480361,2158222.418691453246285515,1490.3157491919746,1.0616218155693977
10570000,1596233291,57928.081840948519458802,38.786572456967054342,1411.561651096611365438,2168314.021918522282440323,1493.5086596068418,1.0619044101547954
10571000,1596247290,55579.615033375970177393,40.430430046092150593,1411.561651096611365438,2170662.488726094831721732,1374.6975970825245,1.0619696287062437
10572000,1596260970,59215.566585534773281078,37.981651920666818731,1411.561651096611365438,2188506.524512181116789623,1559.0571655287595,1.0624414800512463
10573000,1596273444,57089.825646195706148229,39.423806908546546706,1411.561651096611365438,2202686.36959217749336414,1448.1053485938064,1.0628177203727005
10574000,1596286474,58089.825646195706148229,38.747138231087234492,1411.561651096611365438,2203686.36959217749336414,1499.202994031431,1.0628451655976574
10575000,1596299712,58829.825646195706148229,38.261196149545555038,1411.561651096611365438,2204426.36959217749336414,1537.584591350902,1.062865232775876
10576000,1596312655,60122.607067894054362833,37.443496236519083665,1411.561651096611365438,2207133.588170479145149536,1605.6889209308335,1.0629363225377932
10577000,1596326386,61315.623785180518249895,36.72643065875151976,1411.561651096611365438,2213657.157091100083327436,1669.5230842033832,1.0631023682442875
10578000,1596339947,61502.59217030382418427,36.624260988413102139,1411.561651096611365438,2218943.000093407938260813,1679.285547625426,1.0632399694236823
10579000,1596353107,62502.59217030382418427,36.043410302998302058,1411.561651096611365438,2221943.000093407938260813,1734.0920752192112,1.0633153940851616
10580000,1596366064,62062.59217030382418427,36.299713181109786947,1411.561651096611365438,2222383.000093407938260813,1709.726792072862,1.063326655956192
10581000,1596379298,61606.291949022945467565,36.585268131496500783,1411.561651096611365438,2231839.300314688816977518,1683.9098111183635,1.0635693293875035
10582000,1596393140,61527.611877564021261917,36.641279282656302513,1411.561651096611365438,2237107.859386147741183166,1679.1884203313655,1.0637032651960106
10583000,1596406368,58866.673580100280011151,38.320086477752967782,1411.561651096611365438,2249768.797683611482433932,1536.1832133201422,1.064015946820346
10584000,1596420181,59435.330943164039057714,37.955900891093044205,1411.561651096611365438,2251041.870014716735531979,1565.9048935158191,1.064050263353701
10585000,1596433547,60935.489741164039057714,37.026054734174611462,1411.561651096611365438,2253542.028812716735531979,1645.7462232648109,1.0641161176824723
10586000,1596446727,63028.821014110533992741,35.801229591617604646,1411.561651096611365438,2256406.323539770240596952,1760.521125477431,1.064188868982095
10587000,1596460736,66418.729348611627571415,33.979610446611250106,1411.561651096611365438,2259994.942611714322889206,1954.6642376306436,1.064276881065599
10588000,1596473308,60445.766049096536186455,37.360653144598973557,1411.561651096611365438,2273065.679926909414274166,1617.8990719233414,1.0646094623588396
10589000,1596486738,62176.996743443479910795,36.361103040245610352,1411.561651096611365438,2295940.510588417294815794,1709.9865390393693,1.06520585313598
10590000,1596499718,62670.74174263896136768,36.076406206168257508,1411.561651096611365438,2296967.597001796845581645,1737.1669834431475,1.0652319905586014
10591000,1596513067,63626.086158052627742014,35.552450002704404389,1411.561651096611365438,2307417.397903963179207311,1789.6399869267157,1.06549771018825
10592000,1596527156,63677.130641302889956273,35.53060038058996753,1411.561651096611365438,2311366.353420712916993052,1792.1771644503115,1.0655974306805112
10593000,1596540683,62243.80723642940884758,36.365668489876252613,1411.561651096611365438,2321608.149969957302564497,1711.6090483461705,1.065844899251742
10594000,1596553335,61640.217000146605853968,36.767446861615064727,1411.561651096611365438,2347370.520815560105558109,1676.4889123834848,1.0665076258424497
10595000,1596566768,61175.003150612382651866,34.068784702517136718,1353.161081945488066253,2361975.952281982790020844,1795.6320920978592,1.0668806107953113
10596000,1596580519,58806.746995916546655143,35.473127440369278555,1353.161081945488066253,2380344.208436678626017567,1657.782982196068,1.0673671169364545
10597000,1596593866,61912.134460022317681722,39.91016108293818136,1472.054993670040326607,2397792.433248292854990988,1551.2875112521183,1.0678385466407279
10598000,1596606713,61804.605241704004694634,38.914663796937518213,1451.838892804817044499,2411882.815449830778751047,1588.2086394015787,1.0681903085481137
10599000,1596620344,65123.305388295186805452,36.944056399054024483,1451.838892804817044499,2419068.841728886208661327,1762.7546007634046,1.068370974530785
10600000,1596634124,63608.857579077559407215,35.522350883388693758,1406.929414400588709089,2420568.841728886208661327,1790.6713941284484,1.0684085093767905
10601000,1596647571,66509.492270924214932478,34.091327535935306441,1406.929414400588709089,2502036.093338267065228766,1950.9211602515995,1.0702653453310071
10602000,1596660522,72785.063841604078675038,33.737874710081702376,1463.470601096094608775,2524493.955767207142188166,2157.369557717105,1.0707694987023573
10603000,1596674074,74587.404438135018880179,32.967235766554321475,1463.470601096094608775,2557778.749851967639949859,2262.4706835082875,1.0714946616715617
10604000,1596687773,73031.25965914838573365,33.673968892216321267,1463.470601096094608775,2560890.450186494273096388,2168.7749339232014,1.0715625977117256
10605000,1596701291,93999.5983866760204337,44.114881172968643709,1898.257007187892780768,2615321.14444107108079106,2130.7911500002906,1.0727549921168795
10606000,1596713820,94452.933667681551892918,43.931325968678056585,1898.257007187892780768,2635541.626160065549331842,2150.013266957254,1.0730991969594177
10607000,1596726847,94790.082494714965206115,43.806057574645944247,1898.257007187892780768,2658179.077333032136018645,2163.85787132731,1.0734789277845285
10608000,1596740019,92529.548540784763001595,44.8886453515108736,1898.257007187892780768,2666890.370043342517246881,2061.313007247397,1.0736270862042254
10609000,1596753760,91994.20794725629878523,45.169043089508638876,1898.257007187892780768,2679989.530159011001205904,2036.6649735075678,1.0738550791792005
10610000,1596767453,97683.773837583275733776,42.564790429456182955,1898.257007187892780768,2699723.800324193269411008,2294.943140844951,1.0741908599841534
10611000,1596780154,100202.698577867463574827,42.788296892280704827,1927.380646263918826716,2707821.875583909081569957,2341.8248880091483,1.0743226088336573
10612000,1596794171,100384.647560334444063722,43.608079529347003461,1946.793377374828460055,2733400.99356548383683471,2301.9735939707784,1.0747247975157153
10613000,1596807570,96176.520054728878254259,45.523570048496912004,1946.793377374828460055,2738809.121071089402644173,2112.6752570650906,1.0748127900006814
10614000,1596820371,97682.070389539959988778,44.84517593048660958,1946.793377374828460055,2756564.628244338320909654,2178.2068720380203,1.0750915140065342
10615000,1596833944,97945.713831194251450604,44.751759023576338597,1946.793377374828460055,2776635.453358548837540642,2188.645004537006,1.075419514556321
10616000,1596847104,104198.90580048148399376,43.131542076898139079,1960.870322370825081345,3153426.359854340873431819,2415.840027576753,1.081135675511333
10617000,1596860704,105410.10171339758391286,43.118593963870783292,1960.870322370825081345,3561880.485130942199732473,2444.6553568449162,1.0872377871822874
10618000,1596874169,104358.487229313130179845,43.592412183076577162,1960.870322370825081345,3593744.003507270113804646,2393.9599119001523,1.087728391810165
10619000,1596887268,105938.09266445343508415,42.949381356307623991,1960.870322370825081345,3599416.162771009439042513,2466.5801769201776,1.0878165391075332
10620000,1596900342,104099.049776687471573259,43.727848616925972177,1960.870322370825081345,3614916.783182694901982104,2380.61219724387,1.0880618031888891
10621000,1596913668,102440.026115350043176512,45.521482283209592108,1983.856819182421038707,3643815.329763411326819555,2250.366661569248,1.0885107269533059
10622000,1596927566,145491.211441591814021292,63.305716332271268149,2787.547145299331232827,3663332.336170550876899457,2298.231816506987,1.088723563262159
10623000,1596940389,144830.308727940456445097,63.666832204805403946,2787.547145299331232827,3722118.160306520386921712,2274.815688364169,1.089341697684492
10624000,1596953434,151314.634393178347385078,64.31632962312770378,2863.492657452954515681,3731547.541288082495981731,2352.66277288881,1.0894442692916453
10625000,1596966617,147402.563222202424567042,66.028462465662462022,2863.492657452954515681,3735459.612459058418799767,2232.4094446218232,1.0894869590921668
10626000,1596979717,149287.559438341016166448,65.219829367723393762,2863.492657452954515681,3754906.245780136087136177,2288.9903406006433,1.0896965211022782
10627000,1596993188,151699.672557163526061921,64.197390653607438677,2863.492657452954515681,3766212.54937320081618904,2363.0192911686368,1.0898204072776843
10628000,1597006979,151473.338977020309726574,64.309030948613554115,2863.492657452954515681,3778647.707927706639049573,2355.397628337081,1.0899535952828827
10629000,1597019986,147774.791976833302630039,66.300386263954868014,2871.259880051573006758,3796556.308706274053275136,2228.867738243829,1.0901486090851364
10630000,1597033434,152221.664526833302629308,64.371839176307407408,2871.259880051573006758,3803003.181256274053274405,2364.724489382925,1.0902188568219926
10631000,1597046757,155367.08933203405382033,63.185509192718830306,2871.259880051573006758,3902365.568852593302083383,2458.9038106531198,1.0912286431754619
10632000,1597060502,153198.433402614891371183,64.34096898374176242,2876.52681959026704137,3922819.22478201246453253,2381.040196042531,1.0914467025662673
10633000,1597073639,148316.404910597970282054,66.471697967311659139,2876.52681959026704137,3932627.884823429385621659,2231.2714951788134,1.0915523116371213
10634000,1597087016,153636.194892821707252586,68.215495149519734183,2965.732242105457009366,3935421.841601811447870096,2252.218422750881,1.091581961995179
10635000,1597099710,174359.279736494736474236,72.670501801184612998,3258.262216521189161406,4038632.691704858788733342,2399.3130006658694,1.092485245694499
10636000,1597113619,176264.61454602151679299,80.381727413345439582,3445.153605952601588735,4048951.128562472008414588,2192.8443219392298,1.092578487457148
10637000,1597126986,178887.567770486815547975,79.227488472368927406,3445.153605952601588735,4066971.667016836292272087,2257.897747609088,1.0927465245894628
10638000,1597140607,221916.077699197873514116,100.490415561250360067,4321.455603397178535592,4068943.157088125234305946,2208.3307792068667,1.0927646798012363
10639000,1597154140,229217.878997027283902687,97.319429380110222194,4321.455603397178535592,4092606.958385954644694517,2355.314662827996,1.0929340742051254
10640000,1597167284,224642.675442059400773427,96.520801421301372702,4260.142569366790325959,4105983.559186878387357963,2327.4016806130926,1.0930309453299605
10641000,1597180061,228151.158869814518779157,95.058672556224285901,4260.142569366790325959,4123753.228381036543750377,2400.108824735272,1.0931583559150018
10642000,1597193619,226421.249145863095096252,95.8016649917528314,4260.142569366790325959,4136950.796358602978750842,2363.43751609489,1.093253776230081
10643000,1597207222,222287.972086288791606134,97.59258693577424099,4260.142569366790325959,4144332.07341817728224096,2277.7136979940565,1.093307339633539
10644000,1597220817,221044.288861724338105642,98.143334724012755393,4260.142569366790325959,4145575.756642741735741452,2252.2598145184215,1.0933165469756074
10645000,1597233615,215336.545431121481483691,100.752635753200625627,4260.142569366790325959,4151283.500073344592363403,2137.2795244642607,1.0933594062642407
10646000,1597246929,219652.853122294563863707,98.780999835097681308,4260.142569366790325959,4157361.223532031509983387,2223.634641165579,1.093404859781002
10647000,1597260125,214292.871761496182990221,101.277973683263549436,4260.142569366790325959,4176073.035129358841320717,2115.888222958282,1.093546439460148
10648000,1597273425,233635.847385041952923636,111.091650656933868925,4658.769681389741302437,4176730.059505813071387302,2103.0909704145206,1.093551419547277
10649000,1597286815,245307.474769552236672444,105.872454551196285564,4658.769681389741302437,4229533.196018322787638494,2317.0094224171403,1.0938950103647809
10650000,1597300280,246016.913129764213942443,105.568273850501739049,4658.769681389741302437,4230405.327335370810368495,2330.4057569242423,1.0939008308995228
10651000,1597313193,242034.14324178221627789,107.34700558059346154,4658.769681389741302437,4262988.097223352808033048,2254.6892848358866,1.0941126627093125
10652000,1597326826,240810.744926971608861405,107.89400558059346154,4658.769681389741302437,4264211.495538163415449533,2231.919592113887,1.0941209865837322
10653000,1597340255,250911.021684352699182584,103.56522843406194735,4658.769681389741302437,4275833.159458782325128354,2422.734207978917,1.0941972341489061
10654000,1597353105,254719.763140360374013333,102.043207318812643352,4658.769681389741302437,4297906.269137429140191281,2496.1951886179136,1.094339640007754
10655000,1597366709,256683.031395963943380815,101.38085644823236921,4658.769681389741302437,4398110.338388404749512073,2531.868839824142,1.0949778075334793
10656000,1597379618,248715.814351752301525312,101.304008627291603087,4582.824169236118019583,4447854.587475524514698129,2455.1428686973745,1.0952968048152778
10657000,1597392804,259663.090863752301525312,97.045352367679001946,4582.824169236118019583,4458801.863987524514698129,2675.6880626282646,1.095366077200928
10658000,1597406581,259663.090863752301525312,97.045352367679001946,4582.824169236118019583,4458801.863987524514698129,2675.6880626282646,1.095366077200928
10659000,1597419845,263550.484076046699446907,95.662828505278262524,4582.824169236118019583,4505220.090775230116776534,2754.9936395776244,1.0956461654693859
10660000,1597432676,273434.989019657512807319,92.231318492629253008,4582.824169236118019583,4531853.310339479303416122,2964.6652947014877,1.0958044430765437
10661000,1597446446,263411.777534051215281403,95.764199469813356123,4582.824169236118019583,4553905.181864833220870016,2750.6289301471525,1.0959380132640084
10662000,1597459263,257790.363956259697628965,97.858751997936660951,4582.824169236118019583,4559526.595442624738522454,2634.3107662122566,1.0959733186360827
10663000,1597472334,257606.646429852672843038,97.928751997936660951,4582.824169236118019583,4559710.312969031763308381,2630.5517141204905,1.0959744937494298
10664000,1597485849,257427.562907867857312423,98.000268996238600085,4582.824169236118019583,4562693.298088508984286184,2626.804656196896,1.095993457489126
10665000,1597499410,163143.046934561353214574,54.981652454419924125,2731.501050807637057806,4610613.477641862198609146,2967.227059423283,1.096457510629521
10666000,1597512559,169448.972720049664828326,53.043726899143270247,2731.501050807637057806,4725384.491706030297055664,3194.5148394689154,1.097577292405466
10667000,1597526036,176708.367924486345301897,51.595012088841418335,2748.610205911562101018,4822584.998222361450995439,3424.9118426450277,1.098548568261719
10668000,1597539439,172709.051950826819906907,52.82702015984148244,2748.610205911562101018,4863876.849149475586239807,3269.3317061657463,1.0989361307248433
10669000,1597552677,181745.746099131439804963,51.181812807244728727,2774.393092178007750333,4905429.275160570494603429,3550.982978731178,1.0993145215947178
10670000,1597565783,171401.800774569091375617,54.330061713102062482,2774.393092178007750333,4969018.647622453772315787,3154.8243342641813,1.0999166972551744
10671000,1597579794,183639.032538763611493638,55.58611141511767193,2903.506242061068207336,5016783.793882639252197766,3303.685540572273,1.1003804878935473
10672000,1597593252,182554.249071163152368617,55.967447506548128822,2903.506242061068207336,5071802.028543259711322787,3261.793367471413,1.100882477511116
10673000,1597606146,178008.15048443746551156,57.432141099776714449,2903.506242061068207336,5110094.659309985398179844,3099.451754291806,1.1012215042659768
10674000,1597619201,176717.260141363082516598,57.867998568669362819,2903.506242061068207336,5126712.87711267102021119,3053.7994143975898,1.1013768703256972
10675000,1597632462,176332.484064973022746416,58.004019892631962926,2903.506242061068207336,5136595.278367721079981372,3040.004544363862,1.1014694220749817
10676000,1597646335,172072.461934181073022612,59.46030577147510552,2903.506242061068207336,5156293.300498513029705176,2893.904760522261,1.10165723580795
10677000,1597659475,173701.808830891095277098,58.908406124944517979,2903.506242061068207336,5162063.95360180300745069,2948.6760932297198,1.1017119054451838
10678000,1597673119,171943.028583147532862871,59.567765508864745804,2903.506242061068207336,5217053.324170012627490357,2886.511305473752,1.102237485422992
10679000,1597686950,180642.542305534361446369,56.750533815421667977,2903.506242061068207336,5271025.077331120269626269,3183.0985571530546,1.1027377190802916
10680000,1597700058,171089.927821697037378015,59.973828147866729526,2903.506242061068207336,5326900.583038037593694623,2852.7431565627467,1.1032408722078517
10681000,1597713778,181237.715611979911195145,56.659804257473660705,2903.506242061068207336,5371439.764808729747326911,3198.699995298235,1.1036695500559963
10682000,1597727512,174329.652769128440464807,58.938961084434456572,2903.506242061068207336,5406293.747651581218057249,2957.7998926616337,1.1039873744045363
10683000,1597740778,176446.989935169742596715,58.235005264356588854,2903.506242061068207336,5409631.359967939915925341,3029.9128356594515,1.104018681978135
10684000,1597754068,187018.435632609702076732,54.963113951832432046,2903.506242061068207336,5431415.378595619956445324,3402.617176976281,1.104218733482627
10685000,1597767132,183316.105590875827449734,56.078875194663186322,2903.506242061068207336,5437713.048553886081818326,3268.897690164822,1.1042748832844866
10686000,1597779888,181272.808969450332829412,56.72099413129599527,2903.506242061068207336,5448536.210665740778315434,3195.8679805548836,1.1043722495428805
10687000,1597792796,187072.973586531094049561,57.510962536959415342,2969.554052987498362175,5469527.802695603037328395,3252.8228590559347,1.1045607532923074
10688000,1597805915,191419.956170352515594615,56.224846966317130024,2969.554052987498362175,5491727.594802981615783341,3404.5438360201733,1.1047563648846546
10689000,1597818986,191927.836043533798854939,56.104889766115502044,2969.554052987498362175,5525373.398784898381592213,3420.875379019966,1.1050402706846407
10690000,1597832502,178101.903269496042036854,60.496442085788843712,2969.554052987498362175,5561314.393079083162953264,2944.006244481835,1.105370734750407
10691000,1597846074,178665.833028143763844405,60.338507420179506626,2969.554052987498362175,5595461.036323313600473953,2961.058214184315,1.105673245475733
10692000,1597859683,172491.486280914911504317,62.590797511039250852,2969.554052987498362175,5683766.248064616943152245,2755.8601765777516,1.106490883020114
10693000,1597872975,181031.00939016360100054,59.835885031995219065,2973.548507778495847652,5722237.276731783120290205,3025.4588746094987,1.1068335590646863
10694000,1597885937,187064.749326380303238104,57.759855126267000805,2969.554052987498362175,5732401.634508784914398279,3238.6637556040255,1.1069239671463205
10695000,1597899041,180819.796073945698079737,59.802211791783634342,2969.554052987498362175,5782718.387488184457836364,3023.6305757973482,1.1073639372325623
10696000,1597912218,171201.03390662168083659,57.790860244881430668,2840.440903104437905172,5784475.291270128189230702,2962.4240438916995,1.1073808607501736
10697000,1597926015,175478.829454344099975704,56.435778418145965954,2840.440903104437905172,5842765.645702133823670194,3109.3542850455633,1.1079084282543505
10698000,1597939059,174253.891969599890521206,57.165962289855601174,2848.557430435092990554,5851227.057501218033124692,3048.2105957747895,1.1079879134246757
10699000,1597951801,176111.636074150948133561,56.627297131374345435,2848.557430435092990554,5923657.068658206975512337,3110.013103143083,1.1086180938928074
10700000,1597965203,183282.767933974400651404,57.337133672263549398,2923.400638622311216995,5955207.41078241280784905,3196.580578680657,1.1088951121958635
10701000,1597978260,192649.593498193429936467,54.598998271746392403,2923.400638622311216995,6014988.661281570988482995,3528.4455685313324,1.1093997109002016
10702000,1597991985,184755.21332394105847363,56.942974090847861067,2923.400638622311216995,6027129.416753823359945724,3244.565572377361,1.1095071022532503
10703000,1598005285,180953.29524901704987837,58.142974090847861067,2923.400638622311216995,6030931.334828747368540984,3112.2125773318576,1.1095414521564073
10704000,1598018656,177926.272921981730394581,56.15196823228646362,2848.557430435092990554,6040167.174668208708266321,3168.656033319185,1.1096283724643963
10705000,1598031795,176360.5974771129840263,56.65196823228646362,2848.557430435092990554,6041732.850113077454634602,3113.0533144760802,1.1096430628243608
10706000,1598045349,171383.162871493461411805,58.340295192052852438,2848.557430435092990554,6085535.450734966882311267,2937.6464810009975,1.1100522157856363
10707000,1598058104,176168.216774921213821983,56.813365460117242711,2848.557430435092990554,6146547.967646379129901089,3100.823465538063,1.1106163369139035
10708000,1598071853,170613.244830849911673007,58.669175625941756402,2848.557430435092990554,6152502.939590450432050065,2908.0559426747736,1.110673434868235
10709000,1598085451,172673.68788927191687411,57.974977893549789462,2848.557430435092990554,6158333.757676561872440174,2978.4174856664035,1.1107297349093088
10710000,1598098856,139561.746978349862842895,48.328471826804096895,2338.084602492160110695,6161891.212984742064986339,2887.77488099563,1.110770937101581
10711000,1598112011,143025.908595114642771011,47.196563925780727971,2338.084602492160110695,6203301.962959898556485749,3030.430537698274,1.1112258269370892
10712000,1598124991,140521.390684878834155995,48.048724870193403224,2338.084602492160110695,6213993.580870134365100765,2924.560247217924,1.1113527567114123
10713000,1598138530,139714.513020774176597983,48.327508810856988088,2338.084602492160110695,6215244.458534239022658777,2890.993482978512,1.1113676297611905
10714000,1598151570,138230.668296600055909187,48.847844512520643745,2338.084602492160110695,6216728.303258413143347573,2829.8212475100895,1.1113853923305965
10715000,1598164882,138152.833737705655220334,48.895573640201636461,2338.084602492160110695,6235606.137817307544036426,2825.4670812189274,1.1116151310630242
10716000,1598178146,138062.761644058934266888,48.931780737298298873,2338.084602492160110695,6239711.522655935225169394,2821.535606588306,1.1116640640628723
10717000,1598191382,137756.761644058934266888,49.178924443592351945,2341.369980877194013918,6240211.522655935225169394,2801.1340874700163,1.1116701126245019
10718000,1598204486,135762.777550772416137704,49.928191903194369206,2341.369980877194013918,6264800.013673484909546582,2719.1607061197506,1.1119704104289014
10719000,1598217488,139279.903705882151660083,48.678965293221845369,2341.369980877194013918,6275764.209552775174024203,2861.192773242363,1.1121025901429393
10720000,1598230728,138033.604503035634291371,49.12343033077520841,2341.369980877194013918,6280410.508755621691392915,2809.9341510472514,1.1121585674684262
10721000,1598244223,138000.226925556224267108,49.146027779055742178,2341.369980877194013918,6290501.582854653067704666,2807.96298626533,1.112279838851403
10722000,1598257979,142227.013893788414403281,47.690373662989827677,2341.369980877194013918,6295330.831286420877568493,2982.3002624985484,1.1123369466761484
10723000,1598271030,142454.656184859372586397,47.619902556385069322,2341.369980877194013918,6301070.444049063876170671,2991.4940715425396,1.1124039690337748
10724000,1598283991,143292.32182064657919635,47.34776374700568411,2341.369980877194013918,6307367.987940402954546898,3026.379927599189,1.1124772794092004
10725000,1598297775,138677.76241110223694805,48.959880500508567001,2341.369980877194013918,6343390.673990047055023724,2832.4775508727344,1.1128933350358143
10726000,1598310038,146285.104682731810516537,47.727488612886326178,2373.863568476108234186,6360044.881963027481455237,3065.0073769696555,1.1130856641652886
10727000,1598323360,142402.40489487700596365,49.040655393119944923,2373.863568476108234186,6371915.159618547926241306,2903.762271391973,1.1132201000352373
10728000,1598337535,139843.656451868468837341,49.977508751294090845,2373.863568476108234186,6408127.114989004416550129,2798.1317986012546,1.1136607970161743
10729000,1598350695,137046.201440636943713172,51.019002227887572102,2373.863568476108234186,6427256.04540502005687297,2686.179569496283,1.1138936452794244
10730000,1598364198,140444.299830601850747719,49.802261342308798067,2373.863568476108234186,6443494.683072595149838423,2820.0386095980225,1.114091433184067
10731000,1598377123,143555.66662702818573759,48.752778450132627166,2373.863568476108234186,6473856.33195863472492902,2944.563801094246,1.1144333508527953
10732000,1598390475,142043.178442430463381293,49.312187059871375534,2373.863568476108234186,6514040.583151749221847687,2880.4883115399375,1.1148888387394738
10733000,1598404244,140412.75304272487258995,46.838584262103062203,2299.879135155784309242,6528966.109363964695493834,2997.800963773629,1.1150648961986955
10734000,1598417447,135280.749986592666820874,48.623310600665841255,2299.879135155784309242,6536435.91242009690126291,2782.220056911143,1.1151550372480539
10735000,1598430603,134718.382114385751248375,48.932193036810859346,2302.205018670421181442,6543085.294719393816835409,2753.1646090956806,1.115235982196279
10736000,1598443705,131149.904505791911523112,50.294267581513130503,2302.205018670421181442,6571461.034903744409577456,2607.651146191444,1.1155761915671
10737000,1598456946,134412.996477524706400582,49.08820732401103167,2302.205018670421181442,6584726.864456211614699986,2738.193220019625,1.1157456986403615
10738000,1598469678,101060.957812668050622553,36.777308049090974433,1727.157028430025907761,6625390.40090176147398837,2747.9161247411084,1.116220127760969
10739000,1598483179,96655.108170373122711335,38.494384054885190714,1727.157028430025907761,6661684.800916378037597532,2510.8885501989726,1.1168099352418077
10740000,1598496587,103058.303048692402233818,36.112990185497217003,1727.157028430025907761,6671281.606038058758075049,2853.773739569205,1.116969705316741
10741000,1598509939,100080.671285374781203723,37.201363866160138757,1727.157028430025907761,6683904.539801376379105144,2690.241993423585,1.1171788666702975
10742000,1598523405,93349.346882077950296973,39.908041999078642914,1727.157028430025907761,6703035.864204673210011894,2339.111171734086,1.1175167155823735
10743000,1598536356,100176.712178663948709652,37.213362316559761642,1727.157028430025907761,6726303.603259287211599215,2691.955414469114,1.1178950121386366
10744000,1598549889,97947.901973102504212829,38.917549634342635352,1745.616266994334600915,6760673.858783761191181628,2516.805474481075,1.118462770452119
10745000,1598563224,102539.534305784116931644,37.196605855654975063,1745.616266994334600915,6781265.491116442803900443,2756.690615904545,1.1187899241019452
10746000,1598575769,98580.16811943198630336,38.695107273636686973,1745.616266994334600915,6785224.857302794934528727,2547.6132530738714,1.1188555599812238
10747000,1598588691,96399.189947282320967581,39.577931712094818164,1745.616266994334600915,6791405.835474944599864506,2435.6803343976467,1.1189597357529633
10748000,1598602302,96720.423641074631371589,39.559738660289178104,1745.616266994334600915,6880379.913706637949764628,2444.9206925162134,1.12056491784005
10749000,1598616092,97953.772792561087038258,39.098352190353042751,1745.616266994334600915,6911908.653417874299421675,2505.317163129186,1.1210914251106612
10750000,1598628675,95696.771390401613129143,40.035660002211316833,1745.616266994334600915,6924542.115970097794089376,2390.2883425704968,1.1213039673695055
10751000,1598641655,98080.647082104951927317,45.710005658531756906,1850.423667615663593933,8127429.902977163326716131,2145.715050109565,1.1442637087247587
10752000,1598655514,104935.808490103274763569,43.044111502453501406,1852.534249143360995837,8305147.586039612280999139,2437.8667563883146,1.1472352547911482
10753000,1598668615,102659.285734164926074701,44.072654880676474935,1852.534249143360995837,8363636.173422370629688007,2329.319302685702,1.1481998336633532
10754000,1598681878,104054.818659871259641802,43.419478011770835157,1850.423667615663593933,8393790.092582871287833123,2396.5009121404555,1.148688366715737
10755000,1598695493,115118.729254263209995189,43.7645410236188065,1952.754328475264801429,8440309.199764159337479736,2630.4109802530784,1.1494407070225943
10756000,1598708748,113301.969640869470105215,44.565216411071399369,1952.754328475264801429,8524742.992001989965509496,2542.385716155116,1.1507185936957551
10757000,1598721969,113546.159099405719909907,44.542496481318029532,1952.754328475264801429,8587771.557655202362734136,2549.1646869642595,1.1516642669528647
10758000,1598734918,113398.361443703475611047,44.665686759768479558,1952.754328475264801429,8643550.815316478586387124,2538.824983339208,1.1525049210047216
10759000,1598748200,116678.342940364775755192,43.442330410462195606,1952.754328475264801429,8672221.646263885023005269,2685.8214519786716,1.1529330116155143
10760000,1598760959,118407.337512281925497904,42.837029258072253011,1952.754328475264801429,8700948.488215449770029315,2764.1351317556437,1.153324110671332
10761000,1598774646,109017.855016010005629732,41.675187182253689909,1847.946927853935808411,8709075.520006035633608486,2615.893590093639,1.1534482158935464
10762000,1598788296,110867.306863278626788389,40.984658473309508848,1847.946927853935808411,8713324.068158767012449829,2705.0928565252993,1.1535141196055805
10763000,1598801522,111881.62878996271070946,40.644004500597944151,1847.946927853935808411,8742730.319149960749089458,2752.721592389272,1.1539530548320436
10764000,1598814613,116337.274011983294043995,39.094149074950632548,1847.946927853935808411,8749360.189612915803907501,2975.8231542255453,1.1540532002660668
10765000,1598827346,113083.053405560088556761,40.223838450362255889,1847.946927853935808411,8753814.410219339009394735,2811.3441621218935,1.1541201534654157
10766000,1598841029,115058.847907704478944756,39.572337233818996089,1847.946927853935808411,8792408.64825167461900674,2907.5575503125397,1.1546925583929755
10767000,1598854703,111938.333961306409648053,40.694315616508382777,1847.946927853935808411,8810797.162693823784390943,2750.7117951357463,1.154959617360931
10768000,1598867833,113426.554182760072017006,40.174746386172898639,1847.946927853935808411,8824832.524809824189888134,2823.32968806988,1.1551661306708738
10769000,1598880992,112050.292352827223608394,42.864525090719137378,1896.822967715194564964,8839453.566717257038296746,2614.056544792746,1.1553902691597708
10770000,1598894175,115267.937761492916529155,41.699006302129588926,1896.822967715194564964,8869624.047014728176641533,2764.285003012317,1.155820292141195
10771000,1598906852,112648.222096501679346523,42.714749328255147988,1896.822967715194564964,8913165.842271294514946951,2637.2207227723707,1.1564431878957697
10772000,1598919426,114720.59894053548886667,41.981450363734024065,1896.822967715194564964,8951099.641202140705426804,2732.649728548628,1.1569713971842677
10773000,1598932763,107320.59894053548886667,44.917190599790116605,1896.822967715194564964,8983699.641202140705426804,2389.299007962376,1.1575000986069792
10774000,1598946481,110225.102722781222570169,43.739603162476493917,1896.822967715194564964,8988795.137419894971723305,2520.0297842972104,1.157579629526954
10775000,1598959582,115881.918883288110460041,41.610532924462401197,1896.822967715194564964,8994451.953580401859613177,2784.917921951495,1.1576644003159575
10776000,1598972975,180898.744525068268701267,64.946940933545292379,2960.289023099656991259,9010535.127938621701371951,2785.3312554038016,1.1578785583007554
10777000,1598985780,187232.138178153139001437,60.720050487971556596,2911.412983238398234706,9035613.985389520417092742,3083.5306735333365,1.1581170251293855
10778000,1598998765,170464.168337586688518152,66.746904330774260198,2911.412983238398234706,9083912.041309108284812243,2553.888754043574,1.1585860678497133
10779000,1599012007,185403.967351911945304328,61.516309467650284197,2911.412983238398234706,9221305.493816858753503323,3013.8993862986977,1.159980887787663
10780000,1599025762,188514.016688758064461079,60.516309467650284197,2911.412983238398234706,9237263.139070026000835724,3115.094399296284,1.160123506848756
10781000,1599038823,183279.356067368496796864,62.321226625068072775,2911.412983238398234706,9318835.632991277407457317,2940.88171867988,1.1608362381190385
10782000,1599052319,186314.729766683527346154,61.318530280213563913,2911.412983238398234706,9331871.006690592438006607,3038.473507360043,1.1609557036725453
10783000,1599065306,184914.729766683527346154,61.784173310741280639,2911.412983238398234706,9333271.006690592438006607,2992.914202099323,1.1609688283953594
10784000,1599078466,183717.472689090529688483,62.188900760553108279,2911.412983238398234706,9335342.512517789399229516,2954.1842747222813,1.160988337183379
10785000,1599091876,186654.493669137327875853,63.701476346932625122,2969.51950731091380172,9358461.514567634795694309,2930.1439208814377,1.1612020429282521
10786000,1599104610,187317.409142780812073151,64.196640241895520826,2985.423324319429348827,9395918.843987931016455995,2917.869353239691,1.1615537184566493
10787000,1599118341,190553.144125724703386705,64.505321523360755704,3018.176020758055910746,9402250.957017180984219986,2954.0685888483704,1.161612474692374
10788000,1599131830,187537.407012706275243875,65.572765604768140057,3018.176020758055910746,9430889.576730199412362816,2859.989284927605,1.161879634912524
10789000,1599145361,187978.160785961706965419,65.419476828567507609,3018.176020758055910746,9431330.33050345484408436,2873.4280660568506,1.1618837213356434
10790000,1599158675,185427.25674259856180523,66.509258146956753177,3021.752363979393822498,9461048.09839452160041809,2787.9916557313627,1.1621681468399945
10791000,1599171634,191249.103499738716908548,64.509671173593621293,3021.752363979393822498,9485106.251637381445314772,2964.6578570381025,1.1623937001946107
10792000,1599185067,189870.155399698308616563,64.979591143876392702,3021.752363979393822498,9486485.199737421853606757,2921.996769405519,1.1624063388240615
10793000,1599197725,189144.630686956763432014,65.229591143876392702,3021.752363979393822498,9487210.724450163398791306,2899.675245085654,1.1624130214680644
10794000,1599210783,188107.927255665128078777,65.595701144488920286,3021.752363979393822498,9493544.116740332913475521,2867.6868144349305,1.1624716432663105
10795000,1599224299,191061.297466546106882406,64.596752068103734653,3021.752363979393822498,9508134.214729451934671892,2957.7539326607625,1.162606727948439
10796000,1599237538,188776.854710219092175581,65.380816406905420138,3021.752363979393822498,9510418.657485778949378717,2887.3431854283294,1.1626277162683973
10797000,1599250774,187944.696287503315493986,65.6744298875813196,3021.752363979393822498,9514363.2594351778873997,2861.763651534075,1.1626642597716614
10798000,1599263811,184487.841188772154441637,66.939748264107728612,3021.752363979393822498,9546343.657109669048452049,2756.02830863486,1.1629660623160953
10799000,1599277011,189896.923370225834610015,65.069710601866095927,3021.752363979393822498,9581315.808528215368283671,2918.361271531149,1.1632941157870746
10800000,1599290487,194833.289020438232060268,63.440264620525375874,3021.752363979393822498,9600468.022878002970833418,3071.129828758661,1.1634700371520106
10801000,1599303857,189198.588462528140445124,65.335365498267670713,3021.752363979393822498,9606102.723435913062448562,2895.806689373225,1.1635210316260147
10802000,1599316807,189198.588462528140445124,65.335365498267670713,3021.752363979393822498,9606102.723435913062448562,2895.806689373225,1.1635210316260147
10803000,1599330041,189894.599830079944767516,65.114550982299344741,3021.752363979393822498,9625086.71206836125812617,2916.3158919993266,1.1636877478912788
10804000,1599342873,187137.345633300533838017,66.092675555108369334,3021.752363979393822498,9642960.214623427008737753,2831.438492413045,1.163852727411668
10805000,1599356160,190004.505787382240993061,65.125235199652470858,3021.752363979393822498,9672278.526023465301582709,2917.5250608292035,1.1641199496114278
10806000,1599369653,189754.144664232688332301,65.225651365396883469,3021.752363979393822498,9686651.145611354854243469,2909.1950895395717,1.1642492777640547
10807000,1599382619,190483.683840678760237399,64.98537770224903783,3021.752363979393822498,9695897.364054348782335551,2931.1776060368493,1.1643347086900668
10808000,1599395453,194027.025967369003879272,63.809324851664208435,3021.752363979393822498,9706665.356575982728244254,3040.731529732031,1.1644324981434784
10809000,1599408621,190882.075481594539377533,64.971918595155420663,3021.752363979393822498,9821789.418887617192745993,2937.916558551921,1.1654309556839813
10810000,1599421629,191654.300139893519595601,64.732506619609684746,3021.752363979393822498,9843578.205547918212527925,2960.711860983843,1.1656324403480651
10811000,1599434402,194000.234469037054671312,63.962119714695888087,3021.752363979393822498,9856178.744438254677452214,3033.0488628953885,1.1657453205643373
10812000,1599448345,186099.215011240227852176,66.685980220425573176,3021.752363979393822498,9864079.76389605150427135,2790.679756016227,1.1658177671431929
10813000,1599461746,187505.919185155705132296,66.196277879079125918,3021.752363979393822498,9874022.49210243602699123,2832.5749602972114,1.1659110159516106
10814000,1599474985,186047.33336767522282349,66.716812317916313793,3021.752363979393822498,9875481.077919916509300036,2788.6124487052807,1.1659246874104958
10815000,1599487753,189166.586202435222822875,65.62035329377230867,3021.752363979393822498,9879000.330754676509299421,2882.742574633289,1.1659572434374432
10816000,1599501407,194025.054952877035558989,64.036336822595248503,3021.752363979393822498,9939216.751694975438999549,3029.9212069297387,1.166496062465254
10817000,1599514664,192181.270469543183065768,64.672651367693441436,3021.752363979393822498,9960700.752667427483168408,2971.6003040745186,1.1666940754309263
10818000,1599528172,182397.700178340773511271,68.014385006348701106,3018.225562291479941335,9990867.310785567838100376,2681.7518111986915,1.1669664592766555
10819000,1599541525,174618.838015505589426911,71.079058981574296333,3018.225562291479941335,10020159.158868767951173372,2456.684718642262,1.1672521667192768
10820000,1599554599,186382.579384142297311586,66.634594208915409941,3018.225562291479941335,10058932.713773351243289604,2797.084331297768,1.1676181696449581
10821000,1599568256,178250.486584612978823077,69.694289642109236019,3018.225562291479941335,10076065.317930761265629881,2557.605328929476,1.1677833181037847
10822000,1599581286,175214.267393981941022532,77.126872293212861984,3147.455939288995543857,10094867.389920921621918935,2271.766793911605,1.167959905528957
10823000,1599594452,184001.202414121099608466,73.547563094979002552,3147.455939288995543857,10180149.268789303124095259,2501.7987635634204,1.1687854999696754
10824000,1599607488,184001.202414121099608466,73.547563094979002552,3147.455939288995543857,10180149.268789303124095259,2501.7987635634204,1.1687854999696754
10825000,1599620764,183796.162401074672711044,73.643064896666970199,3147.455939288995543857,10191519.754602349550992681,2495.7701401886266,1.168892273212256
10826000,1599633772,185608.624400569428627336,72.928218070425621093,3147.455939288995543857,10195160.397293894795076389,2545.086515364055,1.168926536420468
10827000,1599647467,183434.878827130716431474,73.547898148079364798,3142.188999750301509245,10197026.669186995711007914,2494.0873015542584,1.1689442194550843
10828000,1599661253,188577.918500060791641441,68.930008738170285211,3084.082475677785942231,10205656.961651447691116905,2735.788402644362,1.16902447038721
10829000,1599674163,186927.917144957478967904,69.558991596759059204,3084.082475677785942231,10224886.621006551003790442,2687.3293136363836,1.1691971242828805
10830000,1599687111,188298.580969593626893533,69.070859175133471884,3084.082475677785942231,10241382.904006049012878627,2726.165320922834,1.1693512092549165
10831000,1599700996,189180.880452484249300568,68.772424721661502159,3084.082475677785942231,10263020.022507818390471592,2750.8246396450995,1.1695527269421981
10832000,1599713998,190336.555704470256898145,68.364222900917684039,3084.082475677785942231,10271864.347255832382874015,2784.154454301788,1.1696328579786444
10833000,1599727959,197218.934918953954214386,65.991662147802479602,3084.082475677785942231,10284981.968041348685557774,2988.5432265251907,1.1697494630848886
10834000,1599740967,194283.702719804156370838,66.991662147802479602,3084.082475677785942231,10287917.200240498483401322,2900.1176637647764,1.169775655644856
10835000,1599754060,193515.758165050277322699,67.258310635255087606,3084.082475677785942231,10288685.144795252362449461,2877.202182708619,1.1697826121463357
10836000,1599766711,193708.616220176030038096,67.19154834074022762,3084.082475677785942231,10288878.002850378115164858,2882.9312763838298,1.1697843591195158
10837000,1599780441,191587.213120575134909524,67.943777914124935411,3084.082475677785942231,10296665.4903091485811172,2819.790406160882,1.1698552333289742
10838000,1599793183,189295.440310332869334461,73.10967422134112446,3179.474779380649957577,10317929.263119390846692263,2589.1982466949153,1.1700437913659636
10839000,1599806555,191241.816633282499566937,72.369904677207535598,3179.474779380649957577,10321739.593596441216459787,2642.560018370633,1.1700786261701652
10840000,1599820027,196472.058753874190921028,70.450087857605715496,3179.474779380649957577,10327969.835717032907813878,2788.8121183182216,1.1701344971985186
10841000,1599833013,284725.982689269292472595,98.811688638647638812,4532.605466777564671196,10338430.858045237806262311,2881.5010310218104,1.1702261336889583
10842000,1599846326,289058.734339310087652735,97.427392459363296458,4532.605466777564671196,10439724.415889797750617219,2966.9144071558285,1.1708079690236137
10843000,1599859185,288658.613586164754029366,97.71741676655801841,4532.605466777564671196,10582025.530338717669940032,2954.013963301503,1.1717375054578498
10844000,1599872294,283299.625281271087977814,99.57147446370001841,4532.605466777564671196,10587384.518643611335991584,2845.1886125734873,1.1717704749605695
10845000,1599885795,283351.625281271087977814,99.553256158585207867,4532.605466777564671196,10587436.518643611335991584,2846.2316172752885,1.1717707975213973
10846000,1599898822,194638.249704750074928141,71.317344447662788539,3179.474779380649957577,10591703.954474458872559382,2729.1853224791344,1.1718075521729745
10847000,1599911903,198853.237347060074928141,69.810107334962496333,3179.474779380649957577,10595918.942116768872559382,2848.4877754581225,1.1718448112338913
10848000,1599925296,200074.818734346877897952,69.385208597848646629,3179.474779380649957577,10597200.523504055675529193,2883.5370358827513,1.1718560885868594
10849000,1599938410,198495.059091710871787071,69.941167083689714178,3179.474779380649957577,10600780.283146691681640074,2838.0289801884064,1.171887450541373
10850000,1599952172,199875.22436660029552886,69.461025593093187713,3179.474779380649957577,10603484.117871802257898285,2877.5161705426185,1.1719111692637185
10851000,1599965376,193320.782463816289952819,71.840648862782829592,3179.474779380649957577,10627128.291270397152219146,2690.9665422574776,1.1721117264135479
10852000,1599978747,202822.487855141717258639,68.487690333184311412,3179.474779380649957577,10639294.402079071724913326,2961.444412396372,1.1722194647844126
10853000,1599991924,206855.073698470379293843,67.157453399011457305,3179.474779380649957577,10644326.98792240038694853,3080.1506493918846,1.1722623428302992
10854000,1600004886,203071.634757072124931458,68.412453399011457305,3179.474779380649957577,10648110.426863798641310915,2968.343111051276,1.1722947789520635
10855000,1600018238,202102.227590382018623434,68.773407618870519608,3179.474779380649957577,10680092.280106639941358261,2938.6682234853783,1.172574479034773
10856000,1600031291,203680.752778108381411817,68.260157231843989363,3179.474779380649957577,10699548.165078925667308534,2983.8892999661803,1.1727440912820861
10857000,1600044785,203680.752778108381411817,68.260157231843989363,3179.474779380649957577,10699548.165078925667308534,2983.8892999661803,1.1727440912820861
10858000,1600057881,206741.761126423487426058,67.255608745203254635,3179.474779380649957577,10705851.156730610561294293,3073.9705577517134,1.172797348260868
10859000,1600071351,206741.761126423487426058,67.255608745203254635,3179.474779380649957577,10705851.156730610561294293,3073.9705577517134,1.172797348260868
10860000,1600085050,203128.341337205311780011,68.455608745203254635,3179.474779380649957577,10709464.57651982873694034,2967.300197318583,1.1728281874942317
10861000,1600098201,203833.142380405311780011,68.23516444668726579,3179.474779380649957577,10726269.37756302873694034,2987.21552198591,1.1729679260134875
10862000,1600111706,201937.880838851610471584,68.877506772777454029,3179.474779380649957577,10728164.639104582438248767,2931.8407459932014,1.1729843611402158
10863000,1600125024,201937.880838851610471584,68.877506772777454029,3179.474779380649957577,10728164.639104582438248767,2931.8407459932014,1.1729843611402158
10864000,1600137926,205437.880838851610471584,67.711524150791131799,3179.474779380649957577,10735664.639104582438248767,3034.0164900342343,1.1730490542719005
10865000,1600151476,205437.880838851610471584,67.711524150791131799,3179.474779380649957577,10735664.639104582438248767,3034.0164900342343,1.1730490542719005
10866000,1600164814,205437.880838851610471584,67.711524150791131799,3179.474779380649957577,10735664.639104582438248767,3034.0164900342343,1.1730490542719005
10867000,1600177702,205437.880838851610471584,67.711524150791131799,3179.474779380649957577,10735664.639104582438248767,3034.0164900342343,1.1730490542719005
10868000,1600190832,200045.059131333625402593,69.556471062775325155,3179.474779380649957577,10754582.103429320423317758,2876.0093212720813,1.1732141715544129
10869000,1600204260,202045.059131333625402593,68.869996975544329582,3179.474779380649957577,10756582.103429320423317758,2933.7166836682113,1.1732316352252325
10870000,1600217129,205270.189105817949078176,67.792320982989428864,3179.474779380649957577,10761018.343633855907313965,3027.9268526198525,1.1732695737518966
10871000,1600230491,208589.245137277949078176,66.716799561404792324,3179.474779380649957577,10764337.399665315907313965,3126.4875789687217,1.1732975782173896
10872000,1600244121,208535.947002797201031593,66.745439777343571071,3179.474779380649957577,10776390.697799796655360548,3124.347486486766,1.1733994474459863
10873000,1600257235,205618.126561100837385865,67.695439777343571071,3179.474779380649957577,10779308.518241493019006276,3037.3999672267064,1.1734241484748404
10874000,1600271088,200204.370987443112843528,69.531541280912697465,3179.474779380649957577,10784722.273815150743548613,2879.3317003948223,1.1734708918570902
10875000,1600284355,207668.547011850526040231,73.989066450322250347,3340.323575380047660099,10787258.09779074333035191,2806.7464150434084,1.1734932538153608
10876000,1600297880,212668.547011850526040231,72.254623261211925497,3340.323575380047660099,10792258.09779074333035191,2943.3209587574756,1.1735346405889635
10877000,1600310338,211878.908095231858400029,72.524714999814495578,3340.323575380047660099,10793047.736707361997992112,2921.4717782175885,1.1735411962438322
10878000,1600323285,211878.908095231858400029,72.524714999814495578,3340.323575380047660099,10793047.736707361997992112,2921.4717782175885,1.1735411962438322
10879000,1600336910,211878.908095231858400029,72.524714999814495578,3340.323575380047660099,10793047.736707361997992112,2921.4717782175885,1.1735411962438322
10880000,1600349788,211878.908095231858400029,72.524714999814495578,3340.323575380047660099,10793047.736707361997992112,2921.4717782175885,1.1735411962438322
10881000,1600362916,223307.974707959837793652,68.823503370400152182,3340.323575380047660099,10804476.803320089977385735,3244.6470140606198,1.1736320629333588
10882000,1600375976,233172.395741535525148604,65.936429865700795238,3340.323575380047660099,10834612.382286514290030783,3536.3212144858408,1.1738503748878724
10883000,1600389220,225372.395741535525148604,68.236016174365114607,3340.323575380047660099,10854412.382286514290030783,3302.836366730966,1.1740015050621566
10884000,1600403248,223539.758493119661052754,68.907610376345349201,3340.323575380047660099,10985370.349285765846052757,3244.0503635554387,1.1749582761458004
10885000,1600416922,226174.459051029661052754,68.107287504624438931,3340.323575380047660099,10988005.049843675846052757,3320.8554816644632,1.174978807272827
10886000,1600430004,226174.459051029661052754,68.107287504624438931,3340.323575380047660099,10988005.049843675846052757,3320.8554816644632,1.174978807272827
10887000,1600443436,248376.348282429362404404,79.570377648516102307,3783.387339882263341756,10995803.160612276144701107,3121.4675061563103,1.175032887864226
10888000,1600456406,252644.648165292999180899,78.230042485225802635,3783.387339882263341756,11000071.460495139781477602,3229.5092798013807,1.175062666350116
10889000,1600469993,215514.90332516361225147,71.493489117694873976,3340.323575380047660099,11008074.85432797261770047,3014.4689535347206,1.1751230946869662
10890000,1600483205,216529.883154509661974469,71.15994894642692995,3340.323575380047660099,11009720.607664694466912072,3042.8616990369837,1.1751361758293517
10891000,1600496457,214854.918255538670971111,71.648642876286549737,3338.748375596954757221,11011293.463346614738852917,2998.7297683575375,1.1751490244884193
10892000,1600509771,221619.154502272833590026,69.482373621549262343,3338.748375596954757221,11033825.709870656181251214,3189.5737429663727,1.175323122346237
10893000,1600522839,219440.788250164709826055,70.179059225177092004,3338.748375596954757221,11041204.076122764305015185,3126.86990496788,1.1753812504149053
10894000,1600536077,220503.326862134730667404,69.961148467455496825,3341.601787510016388835,11042078.325746474305015185,3151.79684285355,1.1753882466630996
10895000,1600549386,219394.484269525576183199,70.320412516453393708,3341.601787510016388835,11048001.77457246345949939,3119.926013206936,1.1754356618623758
10896000,1600562666,220541.318614068929884615,69.962438388967485299,3341.601787510016388835,11056095.701631200105797974,3152.2817627929694,1.1755003360123994
10897000,1600575566,218213.467814972158832835,70.713714316825260135,3341.601787510016388835,11061190.621361236876849754,3085.8719545870545,1.175541338193116
10898000,1600589122,216472.697622741881909443,71.303017239873680708,3341.601787510016388835,11082449.851169006599926362,3035.954241522436,1.1757116562693952
10899000,1600602252,218049.199537416486789374,70.795521720128967793,3341.601787510016388835,11090809.566854331995046431,3079.985770843179,1.1757783174059158
10900000,1600615026,215972.210651896215562783,71.482457704212828449,3341.601787510016388835,11096959.281601013559037952,3021.33163279818,1.1758284938670782
10901000,1600628026,222681.364292676125759366,69.345658739063133979,3341.601787510016388835,11115484.354996633648841369,3211.179594249602,1.175971728895474
10902000,1600641298,212381.890088032557727928,72.738126000920172022,3341.601787510016388835,11144689.250142238739487943,2919.8152573431134,1.1762106302014057
10903000,1600654235,217284.649166031311916862,71.126838147641498148,3341.601787510016388835,11175411.206004999985299009,3054.8897550458073,1.1764584124422834
10904000,1600668203,220693.129450836047249828,70.036817789862551998,3341.601787510016388835,11184283.251664730743783049,3151.1016121977514,1.1765297532716026
10905000,1600681491,219884.304291223550359702,70.295217789862551998,3341.601787510016388835,11185092.076824343240673175,3128.01227742883,1.1765362447501082
10906000,1600694619,215448.493310882321812366,71.757670397636908244,3341.601787510016388835,11200617.902969564469220511,3002.44548237142,1.1766605729905661
10907000,1600707201,215448.493310882321812366,71.757670397636908244,3341.601787510016388835,11200617.902969564469220511,3002.44548237142,1.1766605729905661
10908000,1600719844,207710.19329881129544137,74.439146751426737159,3341.601787510016388835,11208356.202981635495591507,2790.3354936672517,1.176724792136151
10909000,1600733453,212770.196744233089505373,72.683206229231090862,3341.601787510016388835,11222088.251132658051229632,2927.3639370446904,1.1768408673256683
10910000,1600747077,209743.26745465502702577,73.735307552779436865,3341.601787510016388835,11225115.180422236113709235,2844.543196683918,1.1768661408334364
10911000,1600759876,201590.945768923826829036,76.727987326497848674,3341.625976516665847122,11233961.337952515350178482,2627.345676501341,1.1769406850184483
10912000,1600773795,204809.530933742436646068,75.531371364586934475,3341.625976516665847122,11242342.75278769674036145,2711.5823165070706,1.177012101580785
10913000,1600786926,205291.504723742436646068,75.354573086539451489,3341.625976516665847122,11242824.72657769674036145,2724.340359383093,1.1770162466035974
10914000,1600800902,208111.350431098666011596,76.389629406739752326,3387.525925850423210629,11242824.72657769674036145,2724.3403593830926,1.1770162466035974
10915000,1600814154,208111.350431098666011596,76.389629406739752326,3387.525925850423210629,11242824.72657769674036145,2724.3403593830926,1.1770162466035974
10916000,1600826905,206860.105058310259864549,76.85308164967547855,3387.525925850423210629,11244075.971950485146508497,2691.6305842003117,1.1770268935069341
10917000,1600839867,206860.105058310259864549,76.85308164967547855,3387.525925850423210629,11244075.971950485146508497,2691.6305842003117,1.1770268935069341
10918000,1600852525,206860.105058310259864549,76.85308164967547855,3387.525925850423210629,11244075.971950485146508497,2691.6305842003117,1.1770268935069341
10919000,1600865593,206860.105058310259864549,76.85308164967547855,3387.525925850423210629,11244075.971950485146508497,2691.6305842003117,1.1770268935069341
10920000,1600879119,206880.105058310259864549,76.845674214861441268,3387.525925850423210629,11244095.971950485146508497,2692.1503021740814,1.177027064189439
10921000,1600893049,210149.610459796463315511,75.654592226001775116,3387.525925850423210629,11248253.569197283702003821,2777.7508843352143,1.177061932502022
10922000,1600906497,206640.724399319428478071,76.943126016268134505,3387.525925850423210629,11251762.455257760736841261,2685.629439537318,1.1770915538555842
10923000,1600920149,216421.178987511388071115,80.710914907950354296,3550.571012373954404265,11254232.966625608777248217,2681.4363241246447,1.1771120657818748
10924000,1600933237,216421.178987511388071115,80.710914907950354296,3550.571012373954404265,11254232.966625608777248217,2681.4363241246447,1.1771120657818748
10925000,1600946499,214434.552401290660297894,81.460914907950354296,3550.571012373954404265,11256219.593211829505021438,2632.361208361072,1.1771283556576715
10926000,1600959417,237418.625424457424576678,87.844338572564973219,3879.554990728061476474,11259203.666234986269300222,2702.7197117357155,1.1771515248726334
10927000,1600972784,235537.815133834621005709,88.563979668894380272,3879.554990728061476474,11275336.971206497980653335,2659.5215799291896,1.1772724222111413
10928000,1600986137,235508.07423439838271015,88.575197535270792377,3879.554990728061476474,11275366.712105934218948894,2658.8489869369882,1.1772726458598972
10929000,1600999396,235508.07423439838271015,88.575197535270792377,3879.554990728061476474,11275366.712105934218948894,2658.8489869369882,1.1772726458598972
10930000,1601012640,233979.090591485427061184,89.155754294781667501,3879.554990728061476474,11276895.69574884717459786,2624.3857442769718,1.1772841620533347
10931000,1601025790,238808.423769224719710927,87.363837779401061753,3879.554990728061476474,11286900.182035207881948117,2733.4928253979674,1.1773586009125703
10932000,1601039334,231823.383369228384354013,90.025032009156797776,3879.554990728061476474,11311735.340034382062077231,2575.0991495970666,1.1775472702544036
10933000,1601053079,239774.71989456487244532,87.143424826209246679,3879.554990728061476474,11412431.175334819789047136,2751.4952547796847,1.178249044076954
10934000,1601066252,242011.924425179677027122,85.581514686739989321,3862.445835624136433262,11415725.806009020825137926,2827.85278235648,1.1782731049637865
10935000,1601079968,239863.219765889811320177,86.382105039404102167,3862.766477851918760077,11434426.051689237697996113,2776.769791109787,1.178406874176178
10936000,1601092950,238743.962057524616658632,86.788828545058033858,3862.766477851918760077,11436038.193395657095998132,2750.8605204133646,1.1784187874710297
10937000,1601106712,229587.39013576316926337,90.313816233087684687,3862.766477851918760077,11491378.222618287998897124,2542.107063034844,1.17883401467108
10938000,1601120014,229812.400136297729418065,90.238980564543901883,3862.766477851918760077,11503153.212617753438742429,2546.7087360536307,1.1789227965543916
10939000,1601133795,235991.304127227724595335,87.884172758389839235,3862.766477851918760077,11510193.550737237278235903,2685.253746155321,1.1789757732344184
10940000,1601147251,239551.678423428949967781,86.63889795929441132,3862.766477851918760077,11565216.450256125124710141,2764.9437385038946,1.1793904721485682
10941000,1601160965,236360.122892682196321906,87.814124941270487779,3862.766477851918760077,11570084.051459271878356016,2691.595720514875,1.1794263837938688
10942000,1601174414,239162.687044613662974265,86.788149553740209193,3862.766477851918760077,11572886.615611203345008375,2755.706721186876,1.179447115530687
10943000,1601187908,238174.160930425963399266,87.150195257773576348,3862.766477851918760077,11574565.141725391044583374,2732.9159759878044,1.1794595477694807
10944000,1601201413,236577.842183224681180861,87.740017702725633338,3862.766477851918760077,11576161.460472592326801779,2696.350518013121,1.179471464254091
10945000,1601214896,216524.121667064595224933,80.233564792190293229,3533.782499497811687868,11577522.654099570864756305,2698.672584570746,1.1794821461600997
10946000,1601228611,211915.860214497313667515,81.983564792190293229,3533.782499497811687868,11582130.915552138146313723,2584.8578401251016,1.1795200136133763
10947000,1601241586,214006.81134403080824552,81.187511615944135726,3533.782499497811687868,11586513.86274838880319351,2635.9572683590263,1.1795560914411836
10948000,1601255204,216242.285054808586994123,82.187989160464640489,3574.00606726927643742,11586714.339037611024444907,2631.069177670414,1.1795577354810998
10949000,1601269183,216198.057543898612122112,82.212805876831536751,3574.00606726927643742,11593721.960280306211159478,2629.73700067845,1.179615155726511
10950000,1601282611,217690.849270160868592648,81.654836057856146641,3574.00606726927643742,11598854.441785208980949708,2665.9884433044117,1.179657021398869
10951000,1601296584,217690.849270160868592648,81.654836057856146641,3574.00606726927643742,11598854.441785208980949708,2665.9884433044117,1.179657021398869
10952000,1601310458,219990.109270160868592648,80.803941755553012815,3574.00606726927643742,11601153.701785208980949708,2722.5170516516628,1.1796755158802639
10953000,1601323528,216295.615970182801367219,80.351724409350024903,3533.782499497811687868,11607588.649069985679294331,2691.8602875063357,1.1797273382089273
10954000,1601336580,216295.615970182801367219,80.351724409350024903,3533.782499497811687868,11607588.649069985679294331,2691.8602875063357,1.1797273382089273
10955000,1601350362,216395.58906030906843411,80.388863443121677054,3535.415834296227673793,11607588.649069985679294331,2691.8602875063357,1.1797273382089273
10956000,1601363766,216395.58906030906843411,80.388863443121677054,3535.415834296227673793,11607588.649069985679294331,2691.8602875063357,1.1797273382089273
10957000,1601377197,215895.58906030906843411,80.580027933066981617,3535.415834296227673793,11612088.649069985679294331,2679.2692258637667,1.1797638616895774
10958000,1601390741,215480.528024039871278309,80.735709218684781063,3535.415834296227673793,11612503.710106254876450132,2668.9618523121976,1.17976727465425
10959000,1601404709,212620.728938044209270095,81.82679441656267062,3535.415834296227673793,11617008.629604230538458346,2598.4242747630765,1.1798045524721499
10960000,1601417945,214466.300715127544087527,81.126401678900003599,3535.415834296227673793,11620331.957827147203640914,2643.6067208304103,1.1798319003041335
10961000,1601431059,214357.112550126902927823,81.167849803933978244,3535.415834296227673793,11620441.145992147844800618,2640.911556335667,1.1798328041359702
10962000,1601444981,214922.194211290764850529,80.957264223501861547,3535.415834296227673793,11622934.777130983982877912,2654.761080092167,1.1798533827681261
10963000,1601459154,212264.745488428172557129,81.973865999015345919,3535.415834296227673793,11625592.225853846575171312,2589.4197242201294,1.1798753846890215
10964000,1601472033,212453.084974281195711411,81.90141405054463391,3535.415834296227673793,11625780.565339699598325594,2594.0099745184853,1.1798769536299945
10965000,1601485853,212290.568700770914952826,81.96430127054463391,3535.415834296227673793,11625943.081613209879084179,2590.036947915292,1.1798783115255995
10966000,1601498960,212908.590227818626306573,81.735486160576440102,3535.415834296227673793,11633922.569956562167730432,2604.8488879058145,1.1799440496826874
10967000,1601512161,221713.024027705137305806,78.539347702238243025,3535.415834296227673793,11680149.883182344398074145,2822.954741975616,1.1803172249634037
10968000,1601525869,216503.08302402612292885,80.438030105939182729,3535.415834296227673793,11688049.773378463412451101,2691.551281637372,1.1803811162951807
10969000,1601539726,212254.058591962280366915,82.06676592219384519,3535.415834296227673793,11704188.415547180133946824,2586.35826825681,1.1805140453387708
10970000,1601553015,209121.625612163586758079,83.302118876980411877,3535.415834296227673793,11709320.84852697882755566,2510.3998365394755,1.1805570922025022
10971000,1601566869,206688.290870491643062059,84.293118251736171599,3535.415834296227673793,11717895.662952047292061052,2452.0185651838133,1.1806291295231213
10972000,1601579306,213571.128984507103978063,82.420782763284079061,3552.520895349306273316,11763074.862429857968509166,2591.2290786887124,1.1810084312100673
10973000,1601592730,210115.930641464288276352,83.797742052520556029,3552.520895349306273316,11781242.293345411362306839,2507.417568718896,1.18116075248678
10974000,1601606489,211827.142975253349434621,83.126018356508792167,3552.520895349306273316,11785669.68912508230114857,2548.2652382888637,1.1811978632820728
10975000,1601619829,210338.709611058359630165,83.716018356508792167,3552.520895349306273316,11787158.122489277290953026,2512.5264404635273,1.1812103504584375
10976000,1601633404,206438.434523803613128871,85.314710168491296864,3552.520895349306273316,11800972.20890215203745432,2419.728486636131,1.1813282707471586
10977000,1601646720,204467.195804371827160298,86.140912333744276702,3552.520895349306273316,11803916.386148366351107943,2373.636292731429,1.1813536104693518
10978000,1601660827,210160.092582000707076888,83.817535860331338195,3552.520895349306273316,11812203.968132977471191353,2507.3523150596943,1.1814243805257574
10979000,1601674061,209217.972617130312086742,84.196717053170268018,3552.520895349306273316,11813650.364266807132768479,2484.8709063681076,1.181436632144368
10980000,1601687922,208388.365454692819977327,84.532918071447626572,3552.520895349306273316,11814479.971429244624877894,2465.1741618402666,1.1814436803528454
10981000,1601702001,470864.094454617820443435,190.578139309909330856,8018.08347279488450672,11815008.95507215758052686,2470.7140921809532,1.181445671264774
10982000,1601715032,472201.169699092129821108,190.044159763234466867,8018.08347279488450672,11819695.362722483271149187,2484.691822613131,1.1814632575646247
10983000,1601728631,471842.227216369830105217,190.331545358697122784,8018.08347279488450672,11941255.860235542411137534,2479.054254128711,1.1819067590861783
10984000,1601742269,467189.658465466422233731,192.255413806048737937,8018.08347279488450672,11964339.579179212417256526,2430.0468278972735,1.1819941477735616
10985000,1601755801,463396.598098147811892113,193.75748399313353512,8016.450137996468520795,11970226.832687139519808582,2391.631995564981,1.1820165794281163
10986000,1601769201,463174.955703904416795772,193.445017593247038906,8007.85611075582653547,11978410.007127287806244398,2394.349368448523,1.1820478233929113
10987000,1601782692,461702.544435914737579707,194.081721803103296441,8007.85611075582653547,11994080.218395277485460463,2378.907916451369,1.1821080947094094
10988000,1601796104,474332.778599813583322855,189.201467029604852729,8013.444635530051485454,12014172.197327145575038324,2507.024845243898,1.1821826404129505
10989000,1601809535,473776.476193585993647565,189.424293574172776523,8013.444635530051485454,12014728.499733373164713614,2501.1389365856053,1.182184726606371
10990000,1601822552,473521.262651402297908254,189.533262325282189043,8013.444635530051485454,12020472.692237376860452925,2498.3544146395375,1.1822061675233173
10991000,1601836715,471183.617643132881225913,190.730318312664664604,8018.537587270830853094,12032554.161245646277135266,2470.418032180497,1.1822512683254118
10992000,1601850466,487456.269359631059187332,184.403135111811522555,8018.537587270830853094,12067738.307217259309959771,2643.4272338377837,1.1823792814300698
10993000,1601863935,482337.841917170747792355,186.390276767618920426,8018.537587270830853094,12094026.576401693303672744,2587.7843537864524,1.182475429201056
10994000,1601877754,487368.219239498896360387,184.947984270071438732,8028.858393564625842243,12099622.444355866852643594,2635.1637254278826,1.1824957972367651
10995000,1601891080,484326.780071146491349887,186.128180284140980306,8028.858393564625842243,12115953.683524219257654094,2602.1141953452684,1.182555436843645
10996000,1601904618,486213.889019599910639031,185.471548197756536936,8028.858393564625842243,12173321.654432049904171224,2621.5012153841562,1.1827651800141166
10997000,1601917755,485815.689167001617087213,186.283647736814424257,8040.51774896829834995,12280120.107979683082561932,2607.9352378442395,1.1831481250253928
10998000,1601931072,486814.706512831544455248,185.953713847886686925,8040.51774896829834995,12325708.723335153155193897,2617.934842167521,1.1833146957289689
10999000,1601944559,490028.837630147708064291,184.752805896537597082,8040.51774896829834995,12342494.592217836991584854,2652.3485543411234,1.1833748245632973
11000000,1601957824,489784.141068353400484238,184.865472526952649069,8040.51774896829834995,12360417.497468679130316573,2649.40842859093,1.183440007658652
11001000,1601971280,484789.315565332525199922,186.77724613637480835,8040.51774896829834995,12366583.499672488828774349,2595.5480423528957,1.183462466430524
11002000,1601984542,491616.16717961453043721,184.204311345376626663,8040.51774896829834995,12385198.014188906823537061,2668.863522188965,1.183529149315425
11003000,1601998104,496136.602895424713989365,182.542892621570870348,8040.51774896829834995,12400677.578473096639984906,2717.917941203901,1.1835839941437951
11004000,1602011740,490113.686573886501429909,184.792892621570870348,8040.51774896829834995,12406700.494794634852544362,2652.2323430347965,1.1836056568268183
11005000,1602024907,487083.600843068701260663,185.640442042884526774,8033.920179134102666837,12409330.580525452652713659,2623.8011258912443,1.1836152127897033
11006000,1602038398,483776.590948545946802724,186.931283587331320249,8033.920179134102666837,12428115.102551448935286462,2587.9915959734653,1.1836843522579337
11007000,1602052211,484505.056142912835531815,186.487475959560856196,8030.393377446188785674,12429055.940293648935286462,2598.0568059593234,1.1836878017182546
11008000,1602065856,483545.442844765980605885,186.863297601132410226,8030.393377446188785674,12434015.553591795790212392,2587.6961878138,1.183705952247388
11009000,1602079053,485777.081659024866746779,186.042742516116285031,8030.393377446188785674,12466977.914777536904071498,2611.104712224631,1.1838264989205942
11010000,1602092545,486698.088515361704788354,185.840129048107155764,8033.567334363225700582,12469276.085124508166428587,2618.9073964179906,1.1838348790507847
11011000,1602106287,490708.58838889144455564,184.346886112966268302,8033.567334363225700582,12491939.420077719299548613,2661.8761983763,1.1839171030108513
11012000,1602119788,487573.414173362694278376,185.568439051677171267,8033.567334363225700582,12523639.734277168049825877,2627.4587244740637,1.1840325117385129
11013000,1602133843,489713.920481061165260465,184.780807376301107335,8033.567334363225700582,12544327.316974066687715234,2650.242346239845,1.1841077312868111
11014000,1602147578,489653.155314678625886811,184.803807376301107335,8033.567334363225700582,12544388.082140449227088888,2649.5836977949125,1.184107952341392
11015000,1602161532,502462.467012439503174075,179.785931600876991075,8024.874399161450253546,12625564.341489745375686123,2794.781897217082,1.1843809727819696
11016000,1602174451,502039.54264264950190461,179.940029539480336348,8024.874399161450253546,12628025.948915528304109688,2790.038125077099,1.1843896744906044
11017000,1602188653,500848.398873555485172527,180.369528469050626979,8024.874399161450253546,12629465.520329822320841771,2776.7905317748578,1.1843947837955229
11018000,1602202095,503239.733405544703710674,179.523980278126013118,8024.874399161450253546,12640311.839635573102303624,2803.1894826858497,1.1844328727237055
11019000,1602215876,501258.900996062500005552,181.44052188614251603,8051.614923401645138144,12643962.648940909355556117,2762.662363320429,1.1844458097195891
11020000,1602229790,511400.55386372048781417,177.88672212839294033,8051.614923401645138144,12687697.963520971367747499,2874.8663629577027,1.18459355966227
11021000,1602243199,502910.080774467434833903,180.952338461309030179,8051.614923401645138144,12745299.225816942522140864,2779.2405726881443,1.1847978962019765
11022000,1602256148,507005.107336280643716454,179.532333379247048143,8051.614923401645138144,12784292.965844632767168245,2824.03229431255,1.184934948338362
11023000,1602270387,502318.091350191269524974,181.23659126522975873,8052.148080523871137216,12789013.241833562141359725,2771.615201121701,1.184951566765667
11024000,1602283621,513666.950187648147999788,177.265693473695143096,8052.148080523871137216,12821016.487745984387411135,2897.723412363895,1.185062909949261
11025000,1602297027,509950.395559238870139815,178.562069994607985343,8052.148080523871137216,12825261.042374393665271108,2855.87188575176,1.1850776821334545
11026000,1602310348,516447.111068935201885787,176.352389027299702956,8052.148080523871137216,12860912.221560703977086426,2928.4951222803575,1.185200556802867
11027000,1602322824,515157.299149320521005788,176.807625337575042583,8052.148080523871137216,12874290.493480318657966425,2913.659963283493,1.1852464723615979
11028000,1602337276,514206.118562331089371527,177.13670007817490829,8052.148080523871137216,12876241.674067308089600686,2902.877372873035,1.185253214646468
11029000,1602350476,513571.268491735467224036,177.367320197993491986,8052.148080523871137216,12887581.136284763711748177,2895.523639407985,1.185292151860067
11030000,1602363606,513707.761024878997161376,176.164281094660011621,8025.407556283676252618,12906931.400724069682874496,2916.0721903031163,1.185358982074571
11031000,1602376456,509955.843977494831132146,177.464281094660011621,8025.407556283676252618,12910683.317771453848903726,2873.5689279663143,1.1853720071638976
11032000,1602390297,509955.843977494831132146,177.464281094660011621,8025.407556283676252618,12910683.317771453848903726,2873.5689279663143,1.1853720071638976
11033000,1602403481,512329.443133921292312694,176.722323770315229756,8025.407556283676252618,12986752.263061269539646224,2899.0646580665853,1.1856411605956645
11034000,1602416174,506690.547891087713195533,178.698267543029704651,8025.407556283676252618,12995503.290958947071763777,2835.453050875711,1.1856717595341937
11035000,1602429913,506145.517114207349302649,178.926400255269963621,8025.407556283676252618,13029260.120244398172608273,2828.791706489941,1.1857900808388753
11036000,1602442623,507782.953356518376551073,178.377416085702785139,8025.407556283676252618,13055694.569435319115771249,2846.6773681291033,1.1858831447562934
11037000,1602455518,512327.595711651658847868,176.806393817784374468,8025.407556283676252618,13066591.79763156410375685,2897.675726815929,1.1859210044981172
11038000,1602469107,506677.652397179053124522,178.793858862325339299,8025.407556283676252618,13081764.76519482596924442,2833.8649639377736,1.1859737516176487
11039000,1602482248,511757.058167009053124522,180.493690517690926043,8103.78086395659408629,13081896.13520898596924442,2835.318269016443,1.185974208283979
11040000,1602495424,516337.59594464870864235,178.897257711264056618,8103.78086395659408629,13086476.672986625624762248,2886.2242079641346,1.1859900001081196
11041000,1602508636,519412.62040503789225354,177.857466165033602492,8103.78086395659408629,13105516.668055776441151058,2920.3869345753296,1.1860544044199375
11042000,1602522393,528556.263636624126494625,174.813058712090874727,8103.78086395659408629,13138021.376821958575166619,3023.551372710274,1.1861643277895164
11043000,1602535471,531936.319582348173591848,172.264885603557404271,8068.245966909951400682,13225194.401948478764502766,3087.8975579882385,1.186448994306677
11044000,1602548784,530727.604911996716848477,172.658394621808658427,8068.245966909951400682,13226403.116618830221246137,3073.8592587664425,1.1864530534322348
11045000,1602561978,529847.357126344531188653,172.890336592793980142,8066.618095817931858569,13241674.787761379800419194,3064.6441412991526,1.1865041179068514
11046000,1602574594,530208.567901624629506713,172.814927142484640154,8066.618095817931858569,13285598.894692027429030988,3068.0715877307957,1.1866496096880026
11047000,1602588359,519946.956574886623755266,176.238447930511156019,8066.618095817931858569,13298418.265098765434727983,2950.2470243036632,1.1866929265293849
11048000,1602601229,519946.956574886623755266,176.238447930511156019,8066.618095817931858569,13298418.265098765434727983,2950.2470243036632,1.1866929265293849
11049000,1602614722,525346.121138834517477042,174.45117296947025875,8066.618095817931858569,13322768.780656740929844413,3011.422119992122,1.1867745260284628
11050000,1602627937,519902.521995186296028875,176.290954215764507607,8066.618095817931858569,13335809.083094238799993024,2949.116273764516,1.186818971684545
11051000,1602641337,513402.65882598929182907,178.575280276326396872,8066.618095817931858569,13386984.607198352866752223,2874.992877130322,1.1869931991072709
11052000,1602654558,529230.072537514297825919,173.277152655893229909,8066.618095817931858569,13429994.43704909087135415,3054.2403567104952,1.187138561423964
11053000,1602667579,526678.966174569469089661,174.121821703199643761,8066.618095817931858569,13435391.543412035700090408,3024.7728918913053,1.1871568206064003
11054000,1602681529,526069.167171975964560937,174.485179008686490986,8066.618095817931858569,13602964.918691795479444062,3014.979095420972,1.187706681682483
11055000,1602694261,529433.860903693762858791,173.468765666905522304,8066.618095817931858569,13699659.700912981614729782,3052.041437363496,1.1880234272363122
11056000,1602707585,519954.340267946381844027,176.646214312687959531,8066.618095817931858569,13714356.493614297550198904,2943.4785358465483,1.1880734065433989
11057000,1602720186,520636.951892765655806418,176.420937079921962736,8066.618095817931858569,13720573.881989478276236513,2951.1063738251623,1.1880947048836918
11058000,1602732764,503750.631149224699898374,182.505370548274278589,8069.42616053679074246,13761431.894326992540316795,2760.1962048343025,1.1882367334887054
11059000,1602746405,503750.631149224699898374,182.505370548274278589,8069.42616053679074246,13761431.894326992540316795,2760.1962048343025,1.1882367334887054
11060000,1602760147,503647.684314438955942831,182.567360752142628611,8069.42616053679074246,13784420.631221878284272338,2758.695104313864,1.1883170747269356
11061000,1602772966,499779.372209414602742916,183.984691335868871975,8069.42616053679074246,13788288.943326902637472253,2716.418244260629,1.188330806309555
11062000,1602786263,499973.162163921602742916,183.913592593308601876,8069.42616053679074246,13788482.733281409637472253,2718.5220793849703,1.1883314972069605
11063000,1602799114,490152.201526702267205626,188.438684504256797054,8085.570450167805989104,13865586.720499154855715248,2601.1230274515624,1.188611273856301
11064000,1602812329,500078.508154510291654996,184.859937093298004038,8085.570450167805989104,14016790.563439716441398622,2705.1751505363914,1.1891313532638979
11065000,1602825913,507707.360937384074948676,182.104384420784574374,8085.570450167805989104,14037348.65481358665717888,2788.0018515327774,1.189203737853755
11066000,1602838713,510444.475717580767937833,181.130814721655665547,8085.570450167805989104,14040085.769593783350168037,2818.0984914244577,1.1892133031244776
11067000,1602851884,501457.110599165484197309,184.386942909081627084,8085.570450167805989104,14049073.134712198633908561,2719.591217727528,1.1892449431231247
11068000,1602865569,504817.779580602939434657,183.177294315397085614,8085.570450167805989104,14065545.029401967971739759,2755.89712943025,1.1893028936298935
11069000,1602878937,501315.642719954621197372,184.466364224568458326,8085.570450167805989104,14074092.67952976548438519,2717.653404333678,1.1893332392869682
11070000,1602892022,492497.68487231178442203,187.793141744401422684,8085.570450167805989104,14095330.53280331398865103,2622.5541587809043,1.189409204297673
11071000,1602905004,492949.717947880205652431,187.625025232531950698,8085.570450167805989104,14098918.361520488426222849,2627.3132666441797,1.1894221655256267
11072000,1602918418,497469.208331405666832683,185.940294232843403429,8085.570450167805989104,14116719.226787642541220535,2675.424444087685,1.1894856133924965
11073000,1602931980,503360.538831454682274234,184.360922239312019069,8096.412600604256491147,14214486.803343407309789065,2730.299527239624,1.189820334162815
11074000,1602944959,502211.284396049699696248,184.790423273910903079,8096.412600604256491147,14221421.633862112292367051,2717.734369013445,1.1898448397096557
11075000,1602958258,494527.421170257223650156,187.768131149820997682,8096.412600604256491147,14318578.752732265797315913,2633.713283196453,1.1901823313553996
11076000,1602972005,492170.031124581398044047,188.670783918733990351,8096.412600604256491147,14321436.142777941622922022,2608.618149043009,1.1901926872756725
11077000,1602984934,499509.842203612253212726,185.912520714374950076,8096.412600604256491147,14334096.331698910767753343,2686.8004386376415,1.1902377283820282
11078000,1602998570,498039.586672425080065546,186.466507953639204157,8096.412600604256491147,14338705.711087697940900523,2670.93319941537,1.1902541893467558
11079000,1603012020,494314.737092943856634398,188.081501158290865267,8100.708354757187701821,14347930.998014525073410312,2628.194341541993,1.1902873651150496
11080000,1603025653,494960.894192628911236599,191.951967270457806491,8187.701463047167344905,14399616.343618661362308452,2578.566405080056,1.190473488779274
11081000,1603038991,497276.17441681998258996,191.083697373638439599,8187.701463047167344905,14421595.951662123584397335,2602.399792612676,1.1905527560120224
11082000,1603051812,502212.339225606917493506,189.267514260349923323,8187.701463047167344905,14476659.786853336649493789,2653.4523961401046,1.1907476401642607
11083000,1603065231,497125.858972050452359252,191.239563977755046944,8187.701463047167344905,14507839.658492233114628043,2599.492744241333,1.190858197140565
11084000,1603078333,495196.161877006165269927,191.991551821527103635,8187.701463047167344905,14513652.537243100950266454,2579.260166287599,1.1908791597823651
11085000,1603091367,495702.985310823056937617,191.564126758456457135,8182.560104035711440827,14522023.834120536526931808,2587.6608198979543,1.1909092136695059
11086000,1603104567,495735.867645286047331649,189.909359762786298385,8147.282442287394497488,14527309.538993089812018734,2610.381438095017,1.1909282126921577
11087000,1603117975,487562.006752851235769128,193.434501270227312688,8153.666209988249981633,14560208.464800697361201871,2520.5534873622614,1.19104718880677
11088000,1603130753,497159.387327870465405925,189.791410119798851846,8153.666209988249981633,14639408.944647701055462744,2619.5041546614616,1.191332994034035
11089000,1603144027,492540.311809043777641504,191.608639577707704263,8153.666209988249981633,14671784.100126039178395319,2570.5537751041334,1.191449133077209
11090000,1603157253,490511.030164917790541743,192.444656486012930184,8153.666209988249981633,14708656.204379156806390038,2548.8420365704915,1.191583247191388
11091000,1603169972,485706.227815250395163265,194.365417754516566518,8153.666209988249981633,14723034.284273626346793632,2498.933366987625,1.1916354251704813
11092000,1603183777,482909.756173666041699306,195.5309263012416933,8153.666209988249981633,14756138.389419263978690683,2469.7359405421043,1.1917572153889773
11093000,1603196826,486486.322682218847265834,195.083075823288318397,8174.168613496762553104,14766326.187893583758373799,2493.7392473906434,1.1917949001019341
11094000,1603210011,488690.229481016202384601,194.240590786682177154,8174.168613496762553104,14797474.260714786403255032,2515.9016841011507,1.1919093628203246
11095000,1603223269,492812.780081542837570249,192.64609929810413049,8174.168613496762553104,14823353.341838259768069384,2558.124882243036,1.1920034130382369
11096000,1603236508,491051.609269610662398776,193.33911119078519721,8174.168613496762553104,14825114.512650191943240857,2539.8462124150637,1.1920098283861462
11097000,1603250137,492852.250009356470667975,192.64818982067615249,8174.168613496762553104,14838250.97292311218226735,2558.302003606268,1.1920576143535042
11098000,1603263141,489488.090895728518480884,191.180264363931122316,8112.632161518409230845,14939680.214902850969215536,2560.3484361959977,1.1924242759473729
11099000,1603276625,488127.566837379255833619,191.726360163749993467,8112.632161518409230845,14950998.519156200231862801,2545.959597941975,1.1924654266996142
11100000,1603289620,498389.699132988896679447,187.818916441108093784,8112.632161518409230845,14986585.816033566591016973,2653.564979378754,1.1925934211774516
11101000,1603302988,488295.553579178574206456,191.736005073990267116,8112.632161518409230845,15016188.29162067770751247,2546.707663960908,1.1927005982838752
11102000,1603316667,495588.121044720861611281,189.028181409839972447,8112.632161518409230845,15115629.086933917803155031,2621.768443987806,1.1930590438440178
11103000,1603329593,498507.418313411658232849,188.06699014232766552,8112.632161518409230845,15246548.417332212719271081,2650.6906817413574,1.193521687227191
11104000,1603342763,498853.299295647917701367,187.952722579605518168,8112.632161518409230845,15260967.813988376459802563,2654.142448425367,1.1935729012909853
11105000,1603356256,496042.458036709626113446,189.020971727122256066,8112.632161518409230845,15263778.655247314751390484,2624.2720768191534,1.1935830321778216
11106000,1603370022,503792.059432949626113446,186.122062271550140881,8112.632161518409230845,15271623.256643554751390484,2706.7831362083357,1.1936109714962713
11107000,1603383163,506602.781966126678861641,185.460025607330649813,8120.667368682663625165,15275055.957590597698642289,2731.6009490839965,1.1936231169210048
11108000,1603395740,504519.755353684131230367,186.228046695330649813,8120.667368682663625165,15277138.984203040246273563,2709.1502290150697,1.1936305085061611
11109000,1603408801,512996.906068490854354183,183.161189010718728854,8120.667368682663625165,15286920.721169665096564815,2800.7948017768654,1.1936647757339103
11110000,1603422122,508126.095403186967164299,185.506298684148478839,8131.41303904683743411,15377232.104880303985411392,2739.1312263113273,1.1939855143588327
11111000,1603435276,512174.703739678042235395,184.409245462810150183,8139.414412242003427905,15383683.496543812910340296,2777.380832800861,1.1940080286676715
11112000,1603449486,514605.125634553758497275,183.551646893225307312,8139.414412242003427905,15396191.021450491989564746,2803.59852033312,1.1940514373474762
11113000,1603462512,510012.550969655643367035,185.215069193360844576,8139.414412242003427905,15405936.216032651993743514,2753.6234129913732,1.19408551523861
11114000,1603475052,505927.491547094355609588,186.715069193360844576,8139.414412242003427905,15410021.275455213281500961,2709.6232442982914,1.1940999047626355
11115000,1603488794,506309.559078975673132088,187.336815146226687913,8155.462064154757441948,15433796.275966487348590253,2702.6698339233176,1.1941834769676716
11116000,1603502193,516466.083048642572386069,183.693040746428991876,8155.462064154757441948,15471607.295108429755878528,2811.5713091252896,1.1943144388502023
11117000,1603515116,516336.519827413252854254,183.788661007994733,8155.462064154757441948,15517722.572410538494957407,2809.4035670946687,1.1944753906774266
11118000,1603528247,519123.792800792512014468,182.741109572087080537,8153.813538175665885723,15530230.009547770822378956,2840.760866651137,1.1945183346095463
11119000,1603542019,523320.91336307926012656,181.69497077271864796,8163.092566983998595887,15536629.341154737295392222,2880.2168333965546,1.194540220827357
11120000,1603554785,527052.32782302218748438,181.362133399960054901,8183.698227739415478473,15577227.883611541146909044,2906.0770180769073,1.1946771833300982
11121000,1603567944,520577.944790021277150261,183.646642102059502615,8183.698227739415478473,15604988.718519268582685013,2834.6717306201335,1.1947712724545643
11122000,1603580566,519917.634606680106825248,183.995355066133751759,8183.698227739415478473,15714970.20109083468482648,2825.710651335765,1.195146371563191
11123000,1603594450,517418.804125886071912358,185.133639466233388007,8183.698227739415478473,15951436.284713864221264924,2794.8394771348853,1.1959531495804134
11124000,1603607773,522109.047136243749110189,183.717362939892538543,8183.698227739415478473,16189626.659016493078981049,2841.9145516859176,1.196757352659319
11125000,1603621272,523889.329286178536387232,185.528556548660360504,8237.908540889623826939,16191300.050310141786431881,2823.766535092796,1.196763108645963
11126000,1603634251,519507.274456473468932144,188.103395856756467892,8259.974736097235178854,16197077.343505184269460308,2761.817627429151,1.1967830112494802
11127000,1603647849,527226.474957186360497845,185.365623993656479614,8259.974736097235178854,16212495.450811671377894607,2844.251612560207,1.1968355617770963
11128000,1603661160,524663.234796725903090339,186.374768063599430917,8259.974736097235178854,16311236.968906826142766217,2815.097989110239,1.197168153107353
11129000,1603674208,533721.265960651874442632,183.46106313870687778,8259.974736097235178854,16553841.456980947343530888,2909.1800561361,1.1979825378216824
11130000,1603687807,531455.293566514111744832,184.296966268541521276,8259.974736097235178854,16606107.429375085106228688,2883.6898638479142,1.1981570369380623
11131000,1603701324,530074.835957136717801231,183.442856699689321419,8230.090046533485586104,16606651.592520363905982639,2889.591044828264,1.198158875951538
11132000,1603714468,527941.17034689444687998,184.296656283268316483,8230.090046533485586104,16715645.994082346614570958,2864.626960651073,1.1985244729506173
11133000,1603728251,524124.09162320215805539,185.09924615310250626,8218.048616994981381923,16718690.643055299394353539,2831.5841502113926,1.198534887523415
11134000,1603741273,515933.841022534943608056,188.191413708859070962,8218.048616994981381923,16861963.964170802648114259,2741.5376230751353,1.1990249042568955
11135000,1603754471,513607.749495657148619292,188.967296615236689304,8216.299220327108120039,16865640.440549871439980856,2717.971620991292,1.1990377653219009
11136000,1603767652,513580.652748232509781543,188.977296615236689304,8216.299220327108120039,16865667.537297296078818605,2717.6844094341013,1.1990378604950722
11137000,1603780552,513580.652748232509781543,188.977296615236689304,8216.299220327108120039,16865667.537297296078818605,2717.6844094341013,1.1990378604950722
11138000,1603793902,513646.45148531627402029,189.002798753766222547,8216.299220327108120039,16911388.253014764150396768,2717.6658487184486,1.19919557341052
11139000,1603806410,515646.051883406370555562,189.965627942209436861,8253.115111120583487604,16915687.85341285424693204,2714.417642123522,1.1992106028785037
11140000,1603820015,512704.747717519274182212,192.574994178242923474,8284.473140049023992136,16974262.102177804383262878,2662.364082654323,1.1994129181090054
11141000,1603833207,447019.097454054814088831,168.266951442733315793,7226.177148315400932351,17187154.840489902985684506,2656.6066219259333,1.2002006231981655
11142000,1603846872,161773.523461353164346192,68.001521064151287657,2760.614570869822698947,17305573.355325342551105769,2378.969189655908,1.2014543107321003
11143000,1603860005,161947.254425377985455548,67.959771698515412846,2760.614570869822698947,17330310.803229132302668017,2382.9870286176338,1.2017301977492374
11144000,1603872942,163673.406891145156764818,67.251665643716340999,2760.614570869822698947,17337268.326088911486819997,2433.7450280896946,1.201807217499736
11145000,1603886641,164081.494977362353081585,67.110644739941380253,2760.614570869822698947,17358540.79966778948345181,2444.9399288770073,1.202042247452912
11146000,1603899413,165811.489080258283191775,66.438990634136391421,2760.614570869822698947,17382752.909963527779982584,2495.6954869068145,1.2023005527759347
11147000,1603912403,238292.04717661348081385,104.746421627058123175,4153.793402275119759995,17424427.797447050793215569,2274.9421266631393,1.2027613938336628
11148000,1603925650,241881.900884198946622642,103.285233587378676054,4153.793402275119759995,17497386.937054634650734603,2341.882692065254,1.2033055292647838
11149000,1603939411,258439.439757606665946521,112.278366783656089409,4470.607342770281886356,17737762.746508601309864871,2301.7741276516917,1.2049274870746831
11150000,1603952469,263630.432779346169886767,110.092413912288055446,4470.607342770281886356,17757316.787900968599061683,2394.628507186551,1.2050635248985573
11151000,1603966058,262786.945668915093528275,110.469078794754496012,4470.607342770281886356,17775596.139746499675420175,2378.8280714928283,1.2051905917602523
11152000,1603978759,266464.635187550944781479,110.274156127711025559,4497.611776562944620994,17783312.698614842318320021,2416.383353493562,1.2052432148222196
11153000,1603992067,263587.898719653156337701,112.107056451819422945,4508.235919559691392909,17863295.387389810211984733,2351.2159453846343,1.2057924878617983
11154000,1604005357,267331.681899696102748173,110.798393340261940217,4512.106843620750342262,17919700.986921792934884565,2412.775797919022,1.2061812466139412
11155000,1604018693,312631.120681026585975908,133.447662553695050803,5353.974440359985141263,17954203.818018724510872845,2342.724591037583,1.2064110203323175
11156000,1604032125,312147.127330237012325516,133.671481652319799847,5353.974440359985141263,17967300.333125232674123237,2335.1811730652707,1.2064873109965513
11157000,1604045287,312330.009767437440521718,133.597586694115108953,5353.974440359985141263,17970714.740716734764816811,2337.841704300751,1.206507067845878
11158000,1604059142,310998.586968094161984238,134.193754622918777151,5353.974440359985141263,17989641.220049262746297563,2317.5339854078356,1.2066159627857374
11159000,1604072272,594418.169499959536471761,260.902443248492516535,10319.728149595368702739,18013495.054444433607982238,2278.315841349999,1.2067487402760784
11160000,1604085381,608705.996587994667198831,256.066490573968920038,10340.121318526435198236,18238734.714502575637368818,2377.1403873407644,1.2074093385793976
11161000,1604099134,604421.358066572525578978,257.936330176346294183,10340.800800665693648272,18255044.790353857778988671,2343.2967261856475,1.2074578720457558
11162000,1604112106,598987.623040739975110079,260.406365713893918671,10340.800800665693648272,18354280.796462807911800118,2300.203458539267,1.2077597449783297
11163000,1604125251,592567.492742642104396012,263.274234066929426505,10340.800800665693648272,18389097.232096235579695743,2250.7614345276183,1.207866449947979
11164000,1604139085,592711.743331199482389243,262.195315609307694441,10320.208250496860554794,18413663.235267061956702503,2260.5733514110075,1.2079411301594036
11165000,1604151986,589537.791319425786495843,264.821580366612602736,10343.838796012384223698,18418187.187278835652595903,2226.169749849253,1.2079550335345033
11166000,1604164476,585580.653692814341798564,266.654017030251547377,10343.838796012384223698,18449557.970309435918442408,2196.0316226039863,1.2080521474696944
11167000,1604178404,584832.974776129470298311,267.023956007789307441,10343.838796012384223698,18470794.523897720790432535,2190.1891632489687,1.2081178331044986
11168000,1604191395,580709.69419174963910771,270.055638374840532846,10364.634239469120486384,18509228.335893001151523838,2150.333530106553,1.208237141340005
11169000,1604204494,579566.845636358065309726,270.694268819595663856,10364.634239469120486384,18584598.262574095083800208,2141.038479180402,1.2084740148709785
11170000,1604218490,590345.096551461508870322,265.787122962776271257,10364.634239469120486384,18610510.671398415487531788,2221.1200075111988,1.2085537421782353
11171000,1604231335,593310.928949158668429202,262.089194028556017027,10317.060880031654565584,18650281.099418661499411815,2263.774861639333,1.2086755542412644
11172000,1604244339,588875.040615224085136934,263.026822019633938744,10295.215346776119327189,18711401.608697182852800026,2238.840267671511,1.2088604168267227
11173000,1604257692,585088.62235713017025036,264.897254979954907927,10295.215346776119327189,18836571.836116229289779632,2208.73795918121,1.2092444982590063
11174000,1604270962,588586.545215617087994984,259.199848663353333312,10212.986357782397490011,18887950.904205138128600703,2270.782750263363,1.2093995010307692
11175000,1604284735,585907.18525100711508914,260.389291271999303066,10212.986357782397490011,18891044.264169748101506547,2250.1201274017676,1.2094090663516504
11176000,1604298361,584309.200933527872515418,261.10543295857566562,10212.986357782397490011,18894045.313277407344080269,2237.8285825489834,1.2094183814918125
11177000,1604311625,581411.674116897503805715,262.41061988753074048,10212.986357782397490011,18896956.506628544837974604,2215.656036962569,1.2094274617224579
11178000,1604324653,576062.357790596433785624,264.903200331524185517,10212.986357782397490011,18937419.818373700781453847,2174.614565130429,1.2095549401289687
11179000,1604337607,576314.665303932160283539,262.609565825441030738,10168.224210984703430926,19041473.471564622011650445,2194.568440385807,1.209873578089441
11180000,1604351268,579490.803464507376923923,261.209919467122724367,10168.224210984703430926,19071024.621961113328989675,2218.486972649004,1.2099655150656352
11181000,1604364181,572482.138253766598712412,264.518178973414820278,10168.224210984703430926,19153002.702263173613653046,2164.2449697618076,1.2102180296467544
11182000,1604377174,583279.961205690675817404,259.690740137107367879,10168.224210984703430926,19204536.003966989536548054,2246.05606229063,1.2103797419905864
11183000,1604390633,587193.266974393466204119,257.992750309821095112,10168.224210984703430926,19229289.998012223264575751,2276.0068500732623,1.2104564551673922
11184000,1604403669,590026.978258893756126299,256.772998915845051167,10168.224210984703430926,19244164.545929927290756805,2297.8544502347363,1.2105019617612467
11185000,1604417434,594041.52476489416290032,255.122176780195564218,10168.224210984703430926,19309651.228660980769910602,2328.4589848757046,1.2107023741520018
11186000,1604431058,597482.048946910897835388,254.569733826761411026,10185.406340228857792141,19355666.329532828695681082,2347.0270403531417,1.2108419407094106
11187000,1604443903,578991.808568768191581725,262.754196552799567962,10185.406340228857792141,19396379.781424642786099483,2203.5492340934766,1.2109680381499464
11188000,1604457123,574295.129085822830666097,265.012946028243913406,10186.271878380987143269,19443784.830631906781505644,2167.0455639726256,1.211116296091384
11189000,1604470328,573954.70915357351514439,265.17096557375419341,10186.271878380987143269,19444387.456437716097027351,2164.470412179929,1.211118207405262
11190000,1604483789,581713.462832244363034371,261.658971212957320798,10186.271878380987143269,19462759.383536217672440458,2223.1741573225213,1.2111755876282566
11191000,1604497549,587944.479548426290992836,258.971695327782388231,10186.271878380987143269,19526637.668798083794248727,2270.304014515025,1.2113762223301239
11192000,1604510176,597730.193629105783395793,254.783192677847689182,10186.271878380987143269,19566331.072656333026408934,2346.0346318247384,1.211498055019935
11193000,1604523521,600736.815492445313213488,253.69164276805092843,10189.83480182873200999,19571254.803240651268111501,2367.9803123893057,1.2115129510927116
11194000,1604536584,593281.357206125620782525,257.092646067076167242,10189.83480182873200999,19735822.624500975812034942,2307.655883129916,1.2120151113934
11195000,1604549893,584655.888442852394955832,260.917778889742577261,10189.83480182873200999,19760276.583183851229787585,2240.7667692507594,1.2120899692873732
11196000,1604563850,584318.527896275743019008,261.966106461014657652,10207.303533429934746353,19761613.943730427881724409,2230.511938319139,1.212094140654262
11197000,1604576506,597853.513712163553648037,259.788276934295017971,10281.437353441169420237,19776938.506671200775719676,2301.310593254256,1.2121415382666303
11198000,1604589935,608885.953204247203759358,255.119943837117880182,10281.437353441169420237,19807285.095914640182012255,2386.665440758298,1.2122336890016465
11199000,1604603053,599194.016289512386935274,259.684670027826745312,10289.082837436466550421,19847942.612659615948732659,2307.3907913982953,1.2123561683666098
11200000,1604616056,601641.759417344924038029,258.644838606641056839,10289.082837436466550421,19860869.53243853402097905,2326.13093173821,1.2123952625761305
11201000,1604629309,613205.816838896676025207,253.815828464102461625,10289.082837436466550421,19900158.680689642888591872,2415.947896352821,1.212511371316334
11202000,1604642088,616055.657858947463737363,252.654471914518105661,10289.082837436466550421,19910593.607664132100879716,2438.3326888723377,1.2125420437048828
11203000,1604655075,616683.295407457236566175,252.412129608146636778,10289.082837436466550421,19922612.356335902328050904,2443.160304399071,1.2125775937914909
11204000,1604668509,629105.307419404100505723,247.497932413327850378,10289.082837436466550421,19982377.562227013833630612,2541.8608603516827,1.2127486459832773
11205000,1604681732,627578.949701129364338438,249.320980113964487376,10313.726783957917625045,20008834.334083109994797897,2517.152585451346,1.2128245356334098
11206000,1604695315,628949.895381781267746562,248.78547910384196188,10313.726783957917625045,20015519.016065738091389773,2528.081211360653,1.2128439221507332
11207000,1604708682,644491.338736160944713675,242.939567746249216476,10313.726783957917625045,20148346.99060573059383732,2652.8874843859653,1.2132269454769586
11208000,1604721624,636877.029232909332179567,245.89672983428034824,10313.726783957917625045,20194239.97198931536031311,2590.01829614459,1.2133568508281747
11209000,1604734715,637904.284260117063634887,245.515872699943617924,10313.726783957917625045,20207355.30031210762885779,2598.2201364216057,1.2133942267800157
11210000,1604747690,641478.769872101174388377,244.538010412509799931,10321.772079113337425632,20215387.5569001235181043,2623.22723894741,1.21341697485456
11211000,1604761479,645036.616711514221506413,243.223221065286142818,10321.772079113337425632,20245894.936362750470986264,2652.035500090565,1.21350183481761
11212000,1604774596,646472.27097494157129687,242.727688595250372816,10321.772079113337425632,20285413.435506503121195807,2663.3643434595433,1.213613352291289
11213000,1604788406,648724.254639995364613299,241.935461703740029592,10321.772079113337425632,20330702.340469373599040922,2681.3938315267937,1.2137397289912941
11214000,1604801650,643913.315337822542023569,243.764741563175555435,10321.772079113337425632,20349874.78603175804752516,2641.5358973108177,1.2137937095936675
11215000,1604814913,638114.148132752152489627,245.986741563175555435,10321.772079113337425632,20355673.953236828437059102,2594.0997635796093,1.213810169668174
11216000,1604828529,633487.428043693601151092,247.840039462023812692,10321.772079113337425632,20403908.668703792762660929,2556.0334376107216,1.2139490793252712
11217000,1604842100,628431.375897079950355705,249.840039462023812692,10321.772079113337425632,20408964.720850406413456316,2515.3349208968675,1.2139636563035743
11218000,1604855096,647083.468511658586016748,242.715452514931118224,10321.772079113337425632,20476724.055998088378760731,2666.0167772871896,1.21415630863984
11219000,1604867960,647853.296267096442844045,242.466337149917661437,10321.772079113337425632,20512000.549294870521933434,2671.9308910355126,1.2142547116983506
11220000,1604880900,655180.471500800832345085,240.14270243377438608,10321.772079113337425632,20878068.953097845257830754,2728.2964040162074,1.2152367764079302
11221000,1604894617,661072.359920549677301194,238.047938815797909751,10321.772079113337425632,20920750.176589945633976733,2777.0555931260933,1.2153530281245972
11222000,1604907909,642777.650716841897730097,244.859801453144602968,10321.772079113337425632,20953206.362223318851150686,2625.0844234219526,1.2154437522544819
11223000,1604921012,652705.138213834778554473,242.050854209475380591,10340.266420973344525529,20999344.364037239613373891,2696.562011092807,1.2155703461601364
11224000,1604934337,644207.763534633810974537,244.114596517199575651,10315.622474451893450905,21033897.207602982803563221,2638.956345608137,1.215666395203924
11225000,1604947268,656883.532392617054327034,245.391716468585354518,10443.586634510053530222,21043992.307313807300714922,2676.8773691540246,1.2156945303447153
11226000,1604960748,660265.835651613063695537,244.144596250156883357,10443.586634510053530222,21052920.942904845275901561,2704.4048723285587,1.215719260963724
11227000,1604973800,658497.277651062690476435,244.813300255278729095,10443.586634510053530222,21064583.192935207659157017,2689.7937202121598,1.2157515233646983
11228000,1604986692,664487.678058414100283073,244.887137080866977408,10491.93753191830531556,21091411.501562546249350379,2713.4445932086096,1.2158241255821804
11229000,1605000443,664487.678058414100283073,244.887137080866977408,10491.93753191830531556,21091411.501562546249350379,2713.4445932086096,1.2158241255821804
11230000,1605013747,662543.980772236066759007,245.607723210974184843,10491.93753191830531556,21093355.198848724282874445,2697.569816251741,1.2158294810390038
11231000,1605027749,659918.146097165651670144,246.589728142433485785,10491.93753191830531556,21097567.203578867890468278,2676.178570244371,1.2158411277672465
11232000,1605041003,646071.687640517889638811,252.034394026453550797,10491.93753191830531556,21235325.503362855652499611,2563.4266709356584,1.2162267865081955
11233000,1605054181,647406.492456291415024663,251.627694682544581617,10491.93753191830531556,21331836.427681017957461763,2572.874552910658,1.2164998183094566
11234000,1605067243,656767.851049964092947839,248.089947409853184692,10491.93753191830531556,21374861.017111602390252367,2647.2973125547924,1.2166196602044272
11235000,1605080341,656860.376302623129075915,248.065960133249139711,10491.93753191830531556,21384536.599781763354124291,2647.926285209745,1.2166465339708072
11236000,1605093324,648515.649242116340041838,251.267568433971813407,10491.93753191830531556,21392881.326842270143158368,2580.9763404167043,1.216669868268799
11237000,1605106842,648193.033519298080297769,251.446477973347909169,10491.93753191830531556,21439402.982703919939337647,2577.856881288285,1.2168001702005438
11238000,1605120052,646139.991973187061925797,252.561259588188108727,10498.412107848227547943,21443173.105428615264653753,2558.3495783428775,1.216810816762193
11239000,1605133777,628221.727777645771923643,259.938550955384054449,10498.412107848227547943,21587219.950946365698104577,2416.8086090680486,1.2172175531218907
11240000,1605146710,639420.080945082013290423,255.485599940461748389,10498.412107848227547943,21669582.060271043200175621,2502.7636825484183,1.2174544803876926
11241000,1605159942,632625.876243088209626654,258.248142210466882951,10498.412107848227547943,21684910.051048316257397688,2449.6821964647906,1.2174985768016955
11242000,1605173267,634060.415317640351632233,257.23532557512962962,10489.31680885675842356,21699481.681956143226400769,2464.9041258233137,1.2175405166617665
11243000,1605187095,628559.866211355126875804,260.544972228224565423,10509.517795098953846186,21746318.923464645964883035,2412.4812727561202,1.2176763816395146
11244000,1605200201,637747.978331364616351362,256.847087607076809918,10509.517795098953846186,21792400.272546417002097379,2482.9869953868733,1.2178087164952536
11245000,1605213135,631287.985341495159468332,259.483907589539930984,10509.517795098953846186,21799317.358563666458980409,2432.859868674735,1.2178286498368718
11246000,1605226466,622590.119934483987635105,263.157554438229586157,10509.517795098953846186,21837484.380275095722264262,2365.845515108035,1.2179409795158045
11247000,1605239782,642602.34210225439934744,255.080826148926757032,10509.517795098953846186,21937287.743022865208270889,2519.2106823704444,1.2182243321400006
11248000,1605252569,637682.192400225932751216,257.111958284592640738,10509.517795098953846186,21989931.353551053674867113,2480.1732158034706,1.218373635871709
11249000,1605265650,626711.955078093251191448,261.814381288357118328,10509.517795098953846186,22149064.925213791050778583,2393.7262422106796,1.2188435094060004
11250000,1605279277,840956.263053306421711661,355.027220359589523254,14176.106855345296807879,22163848.069481857222624669,2368.7092561565937,1.2188788820123593
11251000,1605292512,832346.639891043790699034,358.829452700113872326,14176.106855345296807879,22264540.171818134585366282,2319.616279064652,1.2190995712879185
11252000,1605305865,1114633.611597530782032794,493.578523050939992466,19235.243714901163586236,22400146.723098968645856804,2258.270081744409,1.2194008720232403
11253000,1605319158,1137189.36834278034856199,484.095239749534186891,19234.5642327619051362,22669405.191016076286881039,2349.102562816255,1.2198303926977654
11254000,1605332345,1124830.593690347671552892,489.501063484140956894,19234.5642327619051362,22735840.109610227886610777,2297.9124614849593,1.2199387550553245
11255000,1605345655,1130754.640332445017013423,486.988870378962052742,19234.5642327619051362,22776045.608522930541150246,2321.9311756601774,1.2200042840141643
11256000,1605358946,1125137.637989157247868561,489.447117455989761155,19234.5642327619051362,22796737.944221405730711514,2298.7930623379916,1.2200380132471838
11257000,1605372661,1088949.692218820249166472,505.894147289025019125,19234.5642327619051362,22928654.767572154583560745,2152.524788148393,1.220257214905255
11258000,1605385703,1121366.714850883131792726,491.557529921653146985,19238.165105789853237559,23008041.729089971700934491,2281.2522372093704,1.2203864007041123
11259000,1605398231,1110177.642395687564783097,496.605032909758419439,19238.165105789853237559,23078147.314487819506506058,2235.534416336505,1.2205010269505014
11260000,1605411298,1115640.917473547577022993,494.660377153643058724,19246.878066327762677679,23107672.897693224918722704,2255.367458160139,1.220549744845193
11261000,1605424815,1114668.222447794358253806,505.118589550324882757,19439.930516486423877253,23140592.978053126414147972,2206.7455950099024,1.2206039687818462
11262000,1605437666,1114779.300841332317045803,505.074768238044775921,19439.930516486423877253,23145382.818534972146030025,2207.1569813915753,1.220611834561224
11263000,1605451285,1129691.875985450107601316,498.494740186814099902,19439.930516486423877253,23211359.790589895351224188,2266.206210244246,1.2207186637660925
11264000,1605464068,1101475.716049306731120038,512.368242943925454594,19459.823399447859588225,23252574.764580758727705466,2149.773588075119,1.2207863670128023
11265000,1605476908,1104126.009954294346510075,511.231340924311522154,19459.823399447859588225,23319210.321092527724554359,2159.7385010825496,1.2208973773897807
11266000,1605490555,1115529.742496147007661937,506.057959075486529618,19459.823399447859588225,23357826.124918859783979157,2204.3517397376772,1.2209610569700582
11267000,1605504032,1131242.920462106619288003,499.067670360183592621,19459.823399447859588225,23387063.799947718019123825,2266.7124873980997,1.221008707455989
11268000,1605517681,1133579.776842323559553249,498.053690813278634219,19459.823399447859588225,23398296.118021001078858579,2276.0192279496728,1.2210268989135362
11269000,1605531251,1124387.153495982678341844,504.158251392712483261,19498.786891088039219663,23413117.451587174597655759,2230.2266210855782,1.2210509462637977
11270000,1605544694,1132974.096834660192913483,500.380741060421921605,19498.786891088039219663,23445848.719431065757907626,2264.2240275547524,1.2211041032282492
11271000,1605557467,1145583.188922083744065922,494.688149051055312299,19491.446777005987636152,23590506.495316999211795415,2315.7684111083313,1.2213355338252576
11272000,1605570620,1119658.757910930873385927,506.177167955865667224,19491.446777005987636152,23616631.890978376343113784,2211.989850179405,1.221377851386771
11273000,1605583771,1149151.162824812265159916,493.30030935660889694,19491.446777005987636152,23705062.299329826226752343,2329.516404162816,1.221518919608082
11274000,1605597111,1116344.601073574392825148,494.203518123813425086,19227.013678947906675003,23774607.323528220581731316,2258.876272899974,1.221631490725723
11275000,1605610382,1111047.928086416053486114,496.566862336723450883,19227.013678947906675003,23780083.692093625027908932,2237.458864770181,1.2216405186812511
11276000,1605623470,1128577.292431244015946504,489.683425054384045156,19242.781341175543452565,23800935.25920804231829589,2304.7079698601287,1.221674505881036
11277000,1605636636,1013359.818463358329313455,545.944003021753453466,19242.781341175543452565,24179742.830848117608215977,1856.1607286727178,1.222328800832695
11278000,1605650122,1090604.963655364488605907,507.903562996646225617,19242.781341175543452565,24615855.185189528077094169,2147.2677947379666,1.2230846614661777
11279000,1605663367,1046204.337870330493069585,529.632284268705871922,19242.781341175543452565,24731790.159061217554699411,1975.3409468134778,1.2232849659299077
11280000,1605676699,1072782.316202551090294611,515.35873457239963299,19219.722632199169562553,24790188.857656794723120563,2081.6224587571096,1.2233860038408462
11281000,1605690074,1002254.494586106993069519,475.77269141367023103,17847.888993012375091552,24852505.164648563122688964,2106.5826447669656,1.223494173267235
11282000,1605703458,984947.458106203688144763,484.249671491085387438,17847.888993012375091552,24932325.91409459312119424,2033.9661874697538,1.2236419096193334
11283000,1605717149,1000297.952814222102089277,476.901684022352987283,17847.888993012375091552,24990720.349852602831565454,2097.4930186393235,1.2237487518509154
11284000,1605730076,1019986.287012407834086452,468.718186581689261712,17865.561523719683857007,25058852.197507769128689825,2176.118435794132,1.2238731244816132
11285000,1605743864,1012022.968742774405889793,472.572116876116526269,17865.561523719683857007,25177442.641203022556886484,2141.5206962116927,1.2240877746267083
11286000,1605756747,1003452.694508206347993092,477.480768001528778584,17881.399805445180699235,25196506.791396109926352334,2101.5562547327427,1.2241224985314605
11287000,1605770080,1008996.727127997361765006,476.310888688564165092,17908.011745122839793662,25224157.432324021058810414,2118.3574658687467,1.2241729056175108
11288000,1605783309,1008637.328250658462916566,476.557104419075906444,17908.011745122839793662,25278452.791933839957658854,2116.508848357616,1.2242711684216696
11289000,1605796257,1004697.986460419477230804,478.431275753858754147,17908.011745122839793662,25282392.133724078943344616,2099.983921154252,1.2242783698295931
11290000,1605809099,1018152.983863720609360498,472.370601840993289755,17911.005331824207933236,25357341.289988891867631392,2155.411407686301,1.224413154129934
11291000,1605822429,1028862.395094820134477565,467.619785197878165184,17911.005331824207933236,25481622.002230532342514325,2200.21142745157,1.2246306447953428
11292000,1605835414,1021780.139155700616546176,472.440477467702864695,17940.047646309342723361,25518528.204680581883927757,2162.770100971189,1.2246970906740877
11293000,1605849265,1033761.34977765842182802,467.054753532351883794,17940.047646309342723361,25585134.373684114353409831,2213.3622277886784,1.224814873360057
11294000,1605862428,1042767.048243723444179866,463.082610313246494468,17940.047646309342723361,25630996.653390695541146723,2251.7948742198646,1.2248962177766416
11295000,1605875487,1058451.038190504035164865,456.316976737660553565,17940.047646309342723361,25704339.567780864318826692,2319.552180060603,1.2250254399276317
11296000,1605888816,1015514.935463803617535901,475.7206023959905204,17940.047646309342723361,25785351.12691086873040056,2134.6877355092715,1.2251677192362502
11297000,1605902564,1024652.430563952720371936,474.395079414047807255,17992.190870391916449884,25908605.908486436285303163,2159.9136985770574,1.225389981955425
11298000,1605915938,1038911.929592838625143315,474.399976526189398019,18114.214268894953938528,26018147.441600925075420456,2189.9493697287003,1.225581496363338
11299000,1605929162,1034893.892242281438552679,476.620287829527737754,18114.214268894953938528,26294206.683849873231901986,2171.3173330389805,1.2260683274146411
11300000,1605942238,1032682.29970049029574025,477.747740678992796696,18114.214268894953938528,26371735.323030217628271413,2161.5639630923297,1.2262052944140405
11301000,1605955061,1024916.591663477779241701,482.631499776619763346,18136.776485378664140728,26417111.265557758458924918,2123.600701856071,1.2262866285041583
11302000,1605968956,1020526.592232225889033116,489.757441093397541129,18225.805048243611163302,26610245.881285028333061022,2083.738819677494,1.2266367271571599
11303000,1605982271,992796.198208406413745605,458.167484174058149199,17383.937451504376364301,26732754.638057785890967418,2166.8848892629894,1.2268572514686342
11304000,1605994677,988250.922406339972424378,460.417526204503379583,17383.937451504376364301,26835902.215449828344787311,2146.4233356907207,1.227047534152197
11305000,1606007787,999485.886945018502304217,455.417966719482459127,17383.937451504376364301,26964092.659946138675674302,2194.656249828321,1.2272845368343668
11306000,1606021088,997799.272434192854588324,458.945409955800709577,17426.238781399037198564,27362610.87458906182417102,2174.113196883889,1.2280002245005364
11307000,1606034970,1000599.505328781434549071,457.704349922833251812,17426.238781399037198564,27394256.939951910291547073,2186.126274520829,1.228058346808032
11308000,1606048118,1029088.224440511153413561,445.119347572758091545,17426.238781399037198564,27459688.976168784685232877,2311.9377534410564,1.2281767723602284
11309000,1606061072,997771.875167237857406193,459.603811889709218814,17433.250525127705185524,27565206.470836412442805028,2170.939076995019,1.2283696251797256
11310000,1606074120,1036520.676224640416242088,449.188101357047371999,17563.346255233435053774,27670420.100852555199797365,2307.542593165749,1.2285585064205626
11311000,1606087595,1028015.529208388992749239,453.784992987730966366,17576.081418587235160078,27839593.138740456488459262,2265.4242539840525,1.2288612409728148
11312000,1606101527,1022262.799704851748471351,457.277644365233033743,17592.385226284589918999,27907913.50067890380418557,2235.5407317668005,1.228984872210749
11313000,1606114478,1025897.665344932118770365,455.685773920227623143,17592.385226284589918999,27929113.127398494820203364,2251.32695392094,1.2290230545856378
11314000,1606127944,1021199.97624191786805983,442.361493006100107578,17292.385226284589918999,27974899.267515424911911455,2308.5191464163804,1.22910547650592
11315000,1606141623,1033964.872044621869796235,437.042800203151237043,17292.385226284589918999,28085908.323033039289801794,2365.8206280117247,1.229305926450252
11316000,1606154800,1040930.773651775972321252,433.896650474311182283,17287.025911405147107219,28123725.533460996683050546,2399.02929076288,1.2293733371299522
11317000,1606168295,1033187.526237912458088411,437.597762080783947938,17287.025911405147107219,28474381.980547434042190341,2361.0438986824115,1.2300048965212738
11318000,1606181350,1058437.294270802019203666,432.321460828649176231,17390.223972846395102533,28512936.646182286041873787,2448.264521132145,1.2300727254852786
11319000,1606194344,1066213.395720357579610303,431.691360876531164118,17440.298398473383080551,28551963.320972221359429738,2469.851130574992,1.230140833442954
11320000,1606207277,1100309.153556297948426488,418.385259826950721881,17440.298398473383080551,28613585.660847161394752375,2629.894643065101,1.23024508705003
11321000,1606220718,1078502.183427161562580831,426.889445090836390344,17440.298398473383080551,28651458.613403537587223038,2526.4203550351795,1.2303093130460716
11322000,1606234041,1077146.83471103602633735,428.117728433709691433,17453.232205063046364314,28698977.758816009564268498,2516.0061431042154,1.2303911374724767
11323000,1606247275,1033741.078103373438455263,446.18445377955943802,17453.232205063046364314,28771219.802490292152150585,2316.8469213723447,1.230515921992557
11324000,1606260336,1033766.826459008444210727,446.284634484342139907,17453.232205063046364314,28857514.972940147054532465,2316.3845370868985,1.2306693830355417
11325000,1606273189,1042806.04286192520049794,442.74134958195638185,17453.232205063046364314,29119587.996883715298073978,2355.3391700290917,1.231121583101139
11326000,1606286634,1060479.798214640291355461,435.41013578833042244,17453.232205063046364314,29157662.974725844798115633,2435.588221423904,1.2311886421985878
11327000,1606300159,1081871.905373530213994747,428.76237666695957362,17489.899702871425043958,29298036.193700519912376449,2523.2435592497714,1.231427753301343
11328000,1606314098,1067419.374078376186852951,434.624282740209239837,17489.899702871425043958,29344360.956221079924210895,2455.958897069752,1.2315079366745174
11329000,1606327011,1049092.929143503740817968,442.834871440929366074,17498.166462088703134285,29501513.815485951530468768,2369.038657072977,1.231786223276443
11330000,1606340281,1056336.722376341861302728,439.921777204897441547,17499.818798704950537925,29533970.264985573409981058,2401.1921598606014,1.231843021857693
11331000,1606353641,1082742.696100264430702852,429.2617217320818747,17499.818798704950537925,29591384.137269413845601854,2522.3369363831703,1.2319417148534877
11332000,1606366773,1052829.335500734637661745,441.495133556073102613,17499.818798704950537925,29621297.497868943638642961,2384.6906918783006,1.2319934455762496
11333000,1606380252,1033137.398869454994860929,450.116071144849345737,17499.818798704950537925,29783818.455760023281443777,2295.268854190693,1.2322753168300087
11334000,1606393667,1040817.356307253635404847,446.86890147933899376,17499.818798704950537925,29840834.150246224173165911,2329.133562129017,1.2323775469914415
11335000,1606406736,1019712.856747684233213225,456.262747480717293843,17499.818798704950537925,29949436.632189523469576565,2234.924640194912,1.2325737130745367
11336000,1606419857,1024692.349539075420542484,454.062531071369345634,17499.818798704950537925,29962211.493739692282262646,2256.7207805526123,1.2325967772582254
11337000,1606432982,1020152.141772991995168646,457.737318454277524917,17530.77882541331695034,29991132.929577976931590732,2228.6846639857113,1.2326489860874976
11338000,1606446290,1024480.179809058693208381,455.833493520706302585,17530.77882541331695034,30013460.552450856187956603,2247.4877216597542,1.2326894703268787
11339000,1606459245,1025830.589506541522502883,456.401346801791266397,17553.024265512787576932,30022347.799989007102277895,2247.650224292711,1.2327054840835525
11340000,1606472123,1021368.270659399048424726,458.401346801791266397,17553.024265512787576932,30026810.118836149576356052,2228.1092273950712,1.232713551583314
11341000,1606486378,1008194.424424998798770466,464.448024347546286307,17553.024265512787576932,30068345.940879373313934448,2170.7368135353877,1.2327890051250756
11342000,1606499991,990695.494279936902862726,472.718424368873381634,17553.024265512787576932,30115752.265474497231908754,2095.7412345470034,1.2328760199123538
11343000,1606513752,974040.169798227829029308,480.9955490776003509,17553.024265512787576932,30247209.583947235651520684,2025.0502767980568,1.2331247355715724
11344000,1606526664,978905.114200314703991211,477.770608329145685929,17535.847136323978208271,30316910.61615832402094537,2048.901914715372,1.2332560717169827
11345000,1606539681,979351.081228398336817718,477.664195496089808583,17535.847136323978208271,30394179.653038010100426373,2050.2920052679883,1.2333995823304444
11346000,1606553020,980394.998458794857292683,477.184501736203423736,17535.847136323978208271,30413908.405776113579951408,2054.5407382085846,1.23343695875949
11347000,1606566737,981653.078159697637466488,476.597575072951763157,17532.246263296030106912,30564016.887721636768549246,2059.71060177853,1.2337221677063126
11348000,1606579323,984733.640489056339404493,475.211170995770100216,17532.246263296030106912,30635821.003459841172340939,2072.202213650869,1.2338578987340627
11349000,1606592450,928417.784327622839388735,502.295023613890877908,17497.246263296030106912,30808739.945533836776936641,1848.3515477574954,1.234188396410372
11350000,1606605239,922795.462082343051647951,500.025344175642159242,17397.246263296030106912,31074206.900850041004557724,1845.4973789452479,1.2347192603137684
11351000,1606618245,943288.824345718709258106,489.382029757742696377,17397.246263296030106912,31215686.214505518327071993,1927.5101392927568,1.234996828844351
11352000,1606631402,945156.194248423301101581,488.473552532269983576,17397.246263296030106912,31253084.387437216239083856,1934.917846316733,1.235070670907327
11353000,1606644580,946094.378311270152458589,488.051783371667688531,17397.246263296030106912,31293276.058850245007334796,1938.5122860841752,1.2351499123782814
11354000,1606657595,951028.516513693736735046,485.672221651536932906,17397.246263296030106912,31394039.616035095548058339,1958.169469276428,1.2353439448473669
11355000,1606671255,904034.467984602615114627,511.157915137527301771,17397.246263296030106912,31537109.081404277417101528,1768.6011332552127,1.2356330854691036
11356000,1606685086,914110.248422808737812484,513.648769417214472384,17527.313543850820791155,31859316.843318251885367919,1779.6406861053276,1.2362806141626148
11357000,1606698618,949762.683116387605235102,494.517264656221154001,17527.313543850820791155,31952947.515017834616324713,1920.5854901277194,1.236468122680138
11358000,1606711814,953766.670122826579440271,492.621672447041877575,17527.313543850820791155,32070396.815869415642119544,1936.1037556165559,1.2366946221881192
11359000,1606724683,969443.671258268562002711,484.830215194281241014,17527.313543850820791155,32187877.991203843211904444,1999.5529174471785,1.2369176111310571
11360000,1606737324,929515.270190863352584135,472.077491385939215688,16920.217120704116777753,32741933.135016222980389105,1968.9887511094093,1.238023759992086
11361000,1606750941,925920.0664348759088525,474.590337345162330536,16929.079141405106347928,32860936.421203706974184023,1950.9880281474598,1.2382628931893944
11362000,1606764305,911343.689607653804249236,482.487879283374102096,16929.079141405106347928,33054731.409010314718450307,1888.8426605892096,1.2386567224361553
11363000,1606777403,894095.217862496701366073,492.78320884952030509,16942.977125538795316021,33165296.066936332014322743,1814.3784159162044,1.238882482338461
11364000,1606790457,905810.643986545932500601,492.109436565441994974,17038.508902847992623692,33286273.405053435528596774,1840.6691208939842,1.2391331363149842
11365000,1606803733,897208.034259467585410802,499.539953862734328263,17080.102771172970166654,33454352.229682834647104909,1796.0686173783133,1.2394848194872023
11366000,1606817526,902597.144126782316771444,497.072975688554961766,17085.285010979977027369,33586174.191437687778738986,1815.824211478179,1.239752023601251
11367000,1606830095,910818.261496748742624448,490.246301710965627229,17043.691142654999484407,33620537.053331047233587641,1857.8789035592556,1.2398220966336508
11368000,1606843839,920309.515925085509684695,474.196486591751963607,16843.691142654999484407,33832611.87926768635593546,1940.7767496122422,1.2402489069269476
11369000,1606856562,849631.387192975698818566,513.933282499747612833,16843.691142654999484407,33999352.056439902890942683,1653.1939380543872,1.2405988562113912
11370000,1606870199,894605.018173607054743035,480.754097430108114703,16713.623862100208800164,34099316.776056435448955193,1860.8370120104166,1.240813580099658
11371000,1606884820,879715.156715289490898455,488.994305456651778688,16713.623862100208800164,34162409.694193372758976409,1799.0294506472003,1.2409443723620992
11372000,1606898337,881651.688766800973718433,485.773512478602352234,16676.580930894433899654,34170673.958574795165464138,1814.9439319329633,1.240961824910208
11373000,1606911253,906752.188811588351547984,477.883795485606361225,16771.69613539688360927,34267536.211355297744118541,1897.4323828875242,1.2411620072137524
11374000,1606924287,891047.541061392320967781,485.471439739142039582,16755.928473169246831708,34316187.109651841673090711,1835.4273148183095,1.241262922783501
11375000,1606937227,882242.687364466370742038,490.656698036407710356,16756.271934633777428663,34509673.734916238079023344,1798.085486033663,1.2416680315182775
11376000,1606950457,913036.685137926540938068,476.140572340777092002,16783.410427875230438467,34823636.996457543471325819,1917.577997290388,1.24231432620773
11377000,1606963758,769424.396489469331795872,413.984894279255911875,14349.672906414709812703,35477194.755036802631466354,1858.5808494994255,1.2437503670856458
11378000,1606976748,772437.297247061859724925,415.763900175901389393,14406.455021909091162347,35553915.450327212159698834,1857.8748585922422,1.243935548560191
11379000,1606989763,779298.611394181099108724,412.240595306673273945,14406.455021909091162347,35639175.386170092419006457,1890.3975500385804,1.2441427176037154
11380000,1607003331,767864.040197052480275699,419.83495270878098616,14428.443583072971920685,35748146.992126096640695486,1828.9664432243742,1.2444056529399976
11381000,1607016492,848244.085624807026696104,498.123921427812845005,16514.40903715529687557,35871783.632295642067998232,1702.8776357365382,1.2447039910355344
11382000,1607029590,842248.241954221195002346,511.032412145569483166,16656.353964522767681318,36259263.138728549319813002,1648.1307681014637,1.2455590974823427
11383000,1607043153,834525.424862101999071602,523.364958543412436945,16755.947266702686715041,37013589.969562489128940844,1594.5382113175606,1.2472488784751772
11384000,1607056389,837791.510483429855690084,521.675558585266272509,16755.947266702686715041,37201007.262359420163285778,1605.9627419682831,1.2476685776790435
11385000,1607069818,829081.925803210939025746,527.409861589321973596,16755.947266702686715041,37334974.751690876567974666,1571.987909563951,1.2479691851219104
11386000,1607083106,833760.193673645459817778,526.643310381754762845,16784.828521325182829288,37539524.052274306461488335,1583.159184285977,1.2484235589308958
11387000,1607096195,828839.279133574357147419,527.851001659891870986,16750.755938538942411166,37659831.148331326269788755,1570.2144668233805,1.2486951538869688
11388000,1607109266,789027.467319920154040668,556.446255561440256026,16769.637706349238681163,38005004.524047921022652427,1417.9760568679026,1.2494934763079508
11389000,1607123047,801243.643168088340701837,542.847587501923600265,16684.679706766427604666,38211578.703310717888838258,1476.001112679255,1.2499809103963913
11390000,1607136369,790425.77884495468076035,550.449072867858452413,16684.679706766427604666,38295258.193008566701296895,1435.965319601338,1.2501762557643603
11391000,1607149486,766933.368354288788671087,570.935573170348701408,16734.464084927599142693,38401937.151640749501415459,1343.2923159711063,1.2504333835738068
11392000,1607162844,791302.62636013175247033,553.703762425632421767,16734.464084927599142693,38567253.394783436423470338,1429.1082706276734,1.2508298364704529
11393000,1607176193,781243.497852989184375059,561.135954442869662311,16734.464084927599142693,38710515.497098160896815927,1392.2535023239705,1.25116747909442
11394000,1607189565,762466.945093895929113317,573.174988611903278478,16702.043636617502222855,38912860.707854546836282395,1330.2515989757576,1.2516546346630202
11395000,1607202512,759625.692347135482858825,576.688212910728263826,16702.043636617502222855,39515771.848647499718915975,1317.2207708443768,1.2531433275026933
11396000,1607216142,764712.234529396257195135,583.539641147422780964,16844.741652632833774301,39898088.109897168809392286,1310.4717839318184,1.2540644208252685
11397000,1607229117,779370.672374542675080473,574.198279240972818222,16864.919378719235831793,40015545.223241190899310408,1357.319763139634,1.2543499116705257
11398000,1607242529,769006.806885316741924238,583.214529810034079966,16880.286824546647174448,40111869.828550781148837985,1318.565926565306,1.254583113860244
11399000,1607255502,781689.210742878266383248,574.814099633508949233,16893.141196285062482912,40196546.760102137583552489,1359.899159121652,1.2547879893403107
11400000,1607268400,790541.022140154636921407,568.507213260240762452,16893.141196285062482912,40256596.393789803059145216,1390.5558341232081,1.2549308137927342
11401000,1607282445,935111.272522709148488606,618.57354310715659303,19137.534998081287571605,41078235.743737221542036037,1511.7220627082625,1.2567280792915194
11402000,1607295461,967434.866608833736212478,597.838259339703728609,19130.543258333219760126,41273288.668413142313716742,1618.2217372259506,1.2571161826904207
11403000,1607309267,909708.531923917318316443,636.426155333577891932,19130.543258333219760126,41595029.341443703522841313,1429.4015484751733,1.257760178877853
11404000,1607321690,942349.801466207714763651,614.664343987060524025,19130.543258333219760126,41738759.202443737887422355,1533.1128455468786,1.2580496437633861
11405000,1607335232,824615.807406681453222343,555.279752928380321079,17007.147081260583742276,41811725.121803560652560566,1485.045696440223,1.258201733905844
11406000,1607348417,912773.005434710942544762,632.602503078574614402,19095.678918064551064475,41894027.030464225080334915,1442.8855418571382,1.2583798143650484
11407000,1607361831,877143.606698691607742273,658.764718288705735421,19095.678918064551064475,42104644.94126664321366371,1331.4975473751474,1.2588251561018355
11408000,1607375492,1029140.223966048200260952,757.634300592876580603,22159.267880866992805328,42725818.947238217184890527,1358.3601259350432,1.2601193572407863
11409000,1607388832,1026844.5675096781383528,759.706397005116492049,22159.267880866992805328,42897816.876295489604711739,1351.6334357031385,1.2604332141978258
11410000,1607401916,1022624.841664980678755885,763.371829824100172188,22159.267880866992805328,43136977.489450104602922982,1339.6156390793446,1.2608714941381043
11411000,1607415005,1071478.11815362215281946,800.370049163609606646,23220.576308686758649725,43285763.332718322060563202,1338.7284035344924,1.2611422433502701
11412000,1607428450,1088065.326262917657698091,788.393898111204304079,23220.576308686758649725,43387837.363286318584176521,1380.1036878515315,1.2613224284337912
11413000,1607441996,1083882.291079888858197295,820.448736364117582548,23637.112939566458779118,43548914.066190398228490411,1321.0847223474284,1.261601960692622
11414000,1607455821,1071433.504058558587970733,839.064234891450602761,23748.21816819256686334,44097117.542505904753468847,1276.9385936193185,1.2625517442323082
11415000,1607468345,1070878.771512810667120708,833.829986525935640577,23665.116345568242486344,44181549.396486136087963717,1284.2891102711642,1.2627002470826791
11416000,1607481326,1147636.061176133101169508,885.460336697370283978,25242.180038271295757809,44287237.978813799134310326,1296.0897440721485,1.2628733228141287
11417000,1607494512,1156431.408309742960572605,880.020335787592538681,25257.164398964266289901,44396482.816012452154907037,1314.096233099853,1.2630533707292244
11418000,1607508150,1095903.298237922218451463,834.141194781273257409,23928.217119640886031524,44688918.112576187503923156,1313.8103058503034,1.263559103752202
11419000,1607521281,1080087.070217823623779061,880.160421313920135697,24391.931242234378803344,44974733.415917370536678731,1227.1479653736862,1.2640495960239528
11420000,1607534444,1096128.76913046854733508,907.717326998299730041,24937.320820431496752765,45457785.670742439299476135,1207.566206492081,1.2649003375142258
11421000,1607547670,1086093.423619988996056731,937.445411690164724389,25212.098451242450497352,45854436.27873334291544534,1158.5671123631826,1.265603279580523
11422000,1607560645,1141705.232439883820418851,1015.671526463146065147,26884.810809280242535956,46456633.863478317892950874,1124.0890412824926,1.2666208998662392
11423000,1607573702,1156423.021043856769035253,1003.268607685123417846,26886.13981812717010704,46619252.005017326550839384,1152.655442605856,1.2668888771423574
11424000,1607587240,1148795.079193430737813817,1010.187494333650532642,26886.13981812717010704,46717104.499059802618372606,1137.2097611950837,1.2670502077092225
11425000,1607600832,1163910.623173040551088781,1036.371543653818719664,27406.84361826680647577,46831328.88252556855996448,1123.0630851456724,1.2672390118537715
11426000,1607614439,1185287.135290162466992989,1108.295105973431379459,28591.442586482489811753,47089302.628431555552476234,1069.46888865769,1.267661862431828
11427000,1607627391,1216819.952957900992730159,1104.651592044995443576,28903.044477544148959677,47599192.378190646655282114,1101.5418451579408,1.2684759322790589
11428000,1607640980,1227139.701466568682462956,1121.771382243614468525,29242.539364202668564102,47790660.271698852262941314,1093.9302971093905,1.2687734978444747
11429000,1607654543,1252970.231243536999622822,1120.481471817874717566,29526.230656010063980364,47945648.232773314815543816,1118.2427043712842,1.2690090172665844
11430000,1607667802,1238306.87070622033098271,1139.051706397785411431,29583.757554323801334503,48259799.412434087459032367,1087.1384185203726,1.2694994764751506
11431000,1607681708,1249895.685586797317189728,1129.068811833048330134,29582.864495127220356097,48498000.046961649803625455,1107.0146234555766,1.2698629896297982
11432000,1607695007,1244226.743724135521790394,1137.834207665685148954,29619.105197203705509444,48803199.547723586392956222,1093.5044273951994,1.2703322534247594
11433000,1607708371,1260194.816646538133888399,1145.523081361415362195,29903.536018081230724421,48960008.050322225318730194,1100.1042555588137,1.2705689006831002
11434000,1607720895,1275172.989675124263514867,1135.924824946137303799,29950.200207268435394504,49080264.193319383532932814,1122.5857219341867,1.2707485362555953
11435000,1607734609,1269224.857220984350867747,1141.696647996708371665,29950.200207268435394504,49247597.005576677263767358,1111.7006075545942,1.2709981476859729
11436000,1607748125,1258164.664980145070072508,1174.770005134837780721,30246.347853810878791597,49300649.116652853342140383,1070.988073819382,1.2710780649936482
11437000,1607761602,1268564.817495653958227823,1165.315011612329998522,30246.347853810878791597,49364092.416094434499763674,1088.6024850400472,1.2711741691851115
11438000,1607774843,1270911.728946091730763883,1167.111239140055298012,30293.647883600655745625,49476604.276373753560812393,1088.9379575185296,1.271341566242944
11439000,1607787920,1260023.363929036052118049,1181.408287125257586434,30339.815490999046208063,49696303.264085353271379215,1066.5435291596557,1.271675692938431
11440000,1607800816,1313336.408324531457830389,1239.747968277034260964,31717.691220366127420442,50050771.981052604459673525,1059.357580678086,1.272193369489062
11441000,1607814499,1332706.167953069924063646,1224.435377910687993653,31745.932966856885446074,50241310.149484626843328853,1088.4250749330108,1.2724685100870572
11442000,1607828024,1331119.145978938723501549,1253.370788377903835033,32096.05442786109493839,50342505.186120006329686349,1062.031410275371,1.2726137215026871
11443000,1607840923,1335784.057939934748839738,1250.117025030002837935,32105.691309018365590254,50475113.307915614503202096,1068.5272108088247,1.272803723641639
11444000,1607853865,1334074.823267698257888871,1263.481793034205708356,32252.916519548322347849,50565566.864159710603731017,1055.8718223109222,1.2729331471181662
11445000,1607866773,1320678.063414531613360639,1206.052617445890751245,31348.735829034508558058,50679404.277335809125185377,1095.0418284497305,1.2730972433173147
11446000,1607880340,1367511.134952728292180898,1186.413315520989494525,31633.780809117985221148,50826401.125374337265062978,1152.643111015838,1.2733046957931982
11447000,1607893895,1353594.204071314870872716,1198.886416269364947092,31633.780809117985221148,50930428.978725824232312682,1129.042906569383,1.2734507741318895
11448000,1607907786,1367836.47772830210399676,1186.894091645705826956,31634.618083768057800471,51093104.142631097481704337,1152.4503216893665,1.2736804387937204
11449000,1607920983,1352738.361555116499378275,1200.225327460909499111,31634.618083768057800471,51124919.822332808923625682,1127.070334715274,1.2737250818731352
11450000,1607934199,1390973.841786463791240998,1167.666874986347143777,31634.618083768057800471,51296427.562543238887415627,1191.2420156671203,1.2739616825989242
11451000,1607947042,1366749.569509914152394314,1188.630851627201068052,31634.618083768057800471,51399480.826448944917505523,1149.8520063137128,1.2741054587638374
11452000,1607960636,1345039.591058101046505954,1208.16994612475259165,31634.618083768057800471,51530985.262104583878754299,1113.286748583974,1.2742919875297767
11453000,1607973990,1339258.958397669727398376,1214.340045219484132694,31634.618083768057800471,51882487.251009718593616221,1102.8697963720756,1.2747935070855052
11454000,1607986925,1365063.922503844615769763,1204.404197131760096623,31804.409735599520680104,51956149.171502046082558809,1133.3935283144056,1.2748975446197288
11455000,1608000502,1356159.335882323992581456,1212.793063078103547439,31804.409735599520680104,52134616.349759432023629442,1118.2116530583978,1.2751502820394023
11456000,1608013349,1363168.363819053573813801,1206.819481290516068175,31804.409735599520680104,52234035.576294302442397097,1129.5544900893922,1.27528885858825
11457000,1608027042,1339231.445000917567209649,1228.527004256425284707,31804.409735599520680104,52284121.316977995742491529,1090.1115240942522,1.275360120215162
11458000,1608039974,1354565.398524197686089299,1213.315029732139351055,31782.211722805662712941,52431789.758034606845280808,1116.4168953080898,1.2755651963444699
11459000,1608053269,1374937.846735007172806523,1249.494084915865161289,32483.696902594938041295,52730835.126712417732190139,1100.3956427913693,1.2759779986077768
11460000,1608066249,1297324.639286404906966975,1232.150939755217876773,31327.882084779015867543,52896301.72323677092018709,1052.8942497451933,1.2762191412169803
11461000,1608079820,1456247.637039795804060225,1481.574596800664143321,36372.522994087157129242,53496368.579902426246014651,982.9053766070506,1.277044265400401
11462000,1608093372,1450312.242998406867776816,1481.143922690498364646,36284.239411702270907043,53733437.544631416350133808,979.1838732078879,1.2773542672787292
11463000,1608106809,1510101.976775855490431717,1473.83201307675908264,36924.425019379731816114,53967610.652734358025558121,1024.609292902642,1.2776543841922816
11464000,1608120056,1537281.836224833777700478,1451.620271310083462939,36969.900122657404186609,54065751.75586172659219963,1059.0110007470762,1.2777767534721844
11465000,1608133286,1533655.713401995128057299,1455.553996125590908944,36969.900122657404186609,54240921.583220772786066151,1053.657725844796,1.2779969624806329
11466000,1608145755,1502554.85289403397143837,1468.725108770450237718,36744.139405406755631008,54632183.660707308706022775,1023.0334076278606,1.2784900351419268
11467000,1608159378,1527262.17536045857519117,1464.844463146303058263,36987.715133451545032709,54859329.107611072650762902,1042.6104707936638,1.2787776898148608
11468000,1608172715,1508160.545560051620840722,1484.414759769217936827,36995.017073086911637807,55006351.046242348994507804,1015.9967324728875,1.278963609093949
11469000,1608186418,1485051.557508571585931149,1508.739774496718650455,37005.749675007729554931,55121282.468311096815612371,984.2993355192423,1.279112458367949
11470000,1608199972,1460171.600755286523018036,1534.953163793187036168,37005.749675007729554931,55283736.205220178179082052,951.2808828296105,1.2793232897905897
11471000,1608212725,1367051.628079772380423183,1439.234020993220485132,34657.856226752124505513,55668658.540375434531702717,949.8466601952373,1.2798423316588747
11472000,1608225943,1399010.867237854681271305,1408.002614476750739036,34657.856226752124505513,56216460.022313480957675173,993.6138277397748,1.2805913938615978
11473000,1608239436,1313732.271656010104968153,1357.436703687736597127,32966.108120112372448153,56496839.479979203289873241,967.8037053860448,1.2809894396936734
11474000,1608252369,1286773.864445929264227114,1387.151762328867980708,32978.383258421454499288,56572912.98300525671900514,927.6374073775346,1.2811021021758535
11475000,1608265705,1284903.422835977421031957,1389.676666654974967612,32978.383258421454499288,56728003.490498546043001321,924.6060279106563,1.2813352235347764
11476000,1608278737,1280111.810436914786136083,1395.633803281668097665,32978.383258421454499288,56957597.118699113533450521,917.2261430089203,1.2816821362747837
11477000,1608291886,1287261.06421116283561175,1384.165406379122515762,32928.033518108910301809,57118419.193216922460178492,929.9907787599933,1.2819217525135564
11478000,1608305426,1294949.232437463839328354,1359.17491586562348238,32718.82000885683846965,57325707.302610893672088679,952.7465650826437,1.282231418153675
11479000,1608319142,1280794.926691771070186428,1375.278427915332368043,32718.946820542029578476,57658937.609146169823790315,931.2986379297894,1.2827316153975068
11480000,1608332047,1323756.447388147034336913,1443.148801840074716296,34061.530377928863428065,57976322.852781607182795628,917.2695467718246,1.2832032293993536
11481000,1608345253,1318202.487490578479099805,1450.194730688294677911,34063.620627052303179084,58214652.748328834848187416,908.9830900605538,1.2835518514863835
11482000,1608359044,1305541.977132725300045757,1464.135849487474812929,34054.570805401458551589,58409793.229199319703039386,891.6809035102407,1.2838393896652525
11483000,1608372164,1304878.138700718469601664,1468.586938099673792286,34088.733870601616817356,58637657.839500143342628299,888.526313865496,1.284174190963688
11484000,1608385194,1303933.322671252020833406,1472.17184668808771596,34115.385263568279081345,58703066.061060165887780642,885.720865811068,1.2842709707658297
11485000,1608398201,1319203.724640072905220183,1456.633630590637201729,34128.317965876477012569,58823735.725149459240376117,905.6523870763308,1.284447081855755
11486000,1608411657,1300185.497482443322432136,1479.154294518508861294,34128.317965876477012569,59177935.014417352160874818,879.0059984280929,1.2849745133575108
11487000,1608424700,1309432.016062859154409805,1469.693910756206068022,34134.239007622267760218,59319106.697649749728421164,890.9555972706678,1.2851821944746067
11488000,1608437899,1318467.311665187929538389,1460.323823445755200436,34134.239007622267760218,59532228.956320603094465172,902.8595510783045,1.2854910092185678
11489000,1608451223,1329417.406768288188066454,1448.663146993088791581,34134.239007622267760218,59644335.160923323563057059,917.6856673186501,1.2856541659673526
11490000,1608464280,1355568.89163651129231127,1421.224152090200811726,34133.216926591710755039,59833197.910221497058642551,953.8037259237891,1.2859227084606382
11491000,1608477925,1350796.514515675799364767,1456.818579725469305975,34491.930176931302111598,59969388.705014708758023921,927.2235632594877,1.286116183893456
11492000,1608491288,1337878.376795938663399586,1472.61094678502533063,34508.337916661666150441,60069137.196555414339282147,908.5076949324381,1.2862585879180157
11493000,1608504061,1366558.484902311098663174,1478.867911811927350906,34946.987614968588625601,60153496.325643725995301921,924.057161554061,1.2863793456348922
11494000,1608517962,1362074.066943145356559149,1484.802937875270420967,34954.646255498187593447,60281544.65642195222949102,917.343326981998,1.286559452222363
11495000,1608531263,1380580.159168055514334838,1465.575649306549484606,34960.134735160085668247,60349556.043802926162242068,942.0053886821125,1.2866541833794427
11496000,1608544285,1430630.688322251986629393,1407.318908878685239867,34865.019530657635958631,60587321.050777439593047024,1016.5646743580961,1.2869750189853788
11497000,1608556869,1363940.52529038402757959,1265.740243067648045834,32273.728769610649671824,60914204.013931808537562655,1077.5832820047958,1.2874218212622774
11498000,1608569893,1288744.881413241592719503,1345.97154828880491495,32322.993785047719779512,61679254.456210496984149968,957.4830040439426,1.2885160655575738
11499000,1608583781,1324089.432697620375206055,1314.720068564453478458,32374.00543302951235041,61859259.413161092676104244,1007.1265087962014,1.2887802457447752
11500000,1608596869,1342910.683267361910654799,1299.287830423298865836,32385.802642710128223185,62581092.396696958837650621,1033.5744334878063,1.289797660236622
11501000,1608610169,1348898.496753400521652581,1309.745307286720541605,32585.770142957374301333,62650453.286034513699450941,1029.89374288944,1.289897114284745
11502000,1608623427,1364131.825780265757857984,1295.507503473100804355,32585.770142957374301333,62784950.567130234644819352,1052.9709956315894,1.290090411278703
11503000,1608636545,1347866.436268417884676422,1311.566475022565518059,32585.770142957374301333,62932166.272005803772775678,1027.676798650429,1.2902996911186064
11504000,1608649855,1303756.345903476494746728,1356.510332423110809963,32585.770142957374301333,63117191.912859883709690666,961.1105162572549,1.2905706404446058
11505000,1608663126,1321657.182970572034729032,1341.496026689243231096,32620.822185852705034363,63273434.350828779348019238,985.2114032960405,1.2908007311021865
11506000,1608676320,1315453.776804230435326255,1349.03479922832288651,32628.078271268519027813,63476260.905997319319158512,975.1073712529123,1.2910940420042507
11507000,1608689868,1301118.381064675433304588,1371.30741873914009124,32713.151283611210804875,63568012.555484246083403284,948.8159717395823,1.2912294918146134
11508000,1608702922,1346378.487161779336121656,1355.22951396339402264,33077.883791954070074477,63668383.035280331266224648,993.468983142398,1.2913747494489638
11509000,1608716012,1339122.022816364751291051,1363.213348140292677756,33083.924725108373439307,63715029.057714343106001841,982.3275458996982,1.2914421807967076
11510000,1608728710,1344726.699679104504690964,1357.618921247288468479,33083.924725108373439307,63743749.4026488121744267,990.5037994341303,1.2914837052547647
11511000,1608742373,1353090.543641022579944066,1349.320261458790682422,33083.924725108373439307,63774875.084682200896930362,1002.7942085284897,1.2915282983463403
11512000,1608755539,1346090.224264346159251846,1346.785901039731829026,32964.825080825793088913,63840506.837608610139614063,999.4834540702803,1.2916224654016604
11513000,1608768583,1378720.852351323972825989,1315.383031800422642777,32964.825080825793088913,64004909.18736471097462732,1048.1516174526046,1.2918542373262618
11514000,1608782222,1382407.283388149698447884,1312.057317574296641532,32964.825080825793088913,64068608.465519865249005425,1053.618058351227,1.2919438379988957
11515000,1608795613,1377211.156576075407154065,1317.362568949916956954,32964.825080825793088913,64191211.325419968707389482,1045.4306119186795,1.2921179216590886
11516000,1608808964,1417540.095601676925679851,1280.052656227916780064,32962.815042315946402633,64309893.653719903347268382,1107.4076435096904,1.292282014244671
11517000,1608822260,1383535.889086680902870356,1311.81463682294301811,32962.815042315946402633,64417923.831492075390307315,1054.6733130203809,1.2924303775178834
11518000,1608835449,1366724.764973215292626132,1328.53905122020515733,32964.62835533893691427,64569786.774111722905535529,1028.7426355423563,1.2926457135884866
11519000,1608848561,1362445.690453196146104114,1326.045052471446410553,32880.928622127001651475,64601513.590908137490560327,1027.4505288594135,1.2926908213517982
11520000,1608861888,1335967.759519958955670761,1352.735909255958571257,32882.614181466028896604,64691319.954088938905991782,987.6042695242543,1.2928202956525285
11521000,1608875500,1335367.554056807812065049,1327.349419297352035091,32562.521377627298442069,64767122.955519590977011787,1006.0407113928601,1.2929300109074815
11522000,1608888908,1350222.4995771133094126,1313.430556303289942525,32562.521377627298442069,64996802.031416796255972588,1028.0120963360073,1.293267019312103
11523000,1608902154,1382940.793198468663321697,1282.595441349312421978,32562.521377627298442069,65081667.566330064890063491,1078.23616755069,1.2933873646601735
11524000,1608915452,1396665.159482204469043028,1280.969685791584066682,32690.363226731466783337,65435392.089462653437278027,1090.318666377437,1.2938854519479774
11525000,1608928354,1372788.189559071098577176,1303.6074917914708477,32692.753450707881631314,65494308.684079077169413651,1053.0686561738987,1.2939684627986623
11526000,1608942603,1398904.810596631149359663,1279.522240557957426677,32692.753450707881631314,65585990.504892294494477848,1093.3024579444707,1.2940960217193926
11527000,1608955581,1392878.901663666264627004,1285.654153672097330056,32692.753450707881631314,65798527.694904774684721643,1083.4009268241482,1.2943962896291787
11528000,1608968406,1383256.674774815387451592,1294.755060143177806724,32692.753450707881631314,65854708.163127885612916793,1068.353943812238,1.2944750866982024
11529000,1608981312,1382438.677151421472693115,1295.656014850093313381,32692.753450707881631314,65902588.665883031990642544,1066.9797085852058,1.2945424505205358
11530000,1608994571,1363929.491028720647121657,1313.622715462479108245,32692.753450707881631314,66035912.005874738936057118,1038.296213192789,1.2947317124694309
11531000,1609007854,1349041.894009303951742628,1277.957498411484922237,32063.884626743235677741,66193562.797576951203805395,1055.623442631056,1.2949553269116363
11532000,1609021241,1329233.48584484381982155,1297.243885757029136713,32063.884626743235677741,66276876.533599703916904569,1024.6596653405281,1.2950761805410025
11533000,1609034138,1326987.995317370208321384,1299.556420430116963199,32063.884626743235677741,66316923.557753289681534131,1021.1084139603374,1.295134670306712
11534000,1609047959,1337911.678895799813967777,1291.039461116451662373,32088.661500142511287998,66351609.834312951937086698,1036.3057979179152,1.2951852171782343
11535000,1609061252,1337964.817202116111885817,1291.302430175547743645,32088.661500142511287998,66460335.375303361892521058,1036.1359089367043,1.2953428402377887
11536000,1609074574,1363067.907408483164273191,1267.79031765321369542,32088.661500142511287998,66556715.647172519025851058,1075.1524825742765,1.2954804389138408
11537000,1609087712,1373887.431632007962039789,1149.103411968503689215,30662.817480840420515981,66796772.953038957506326948,1195.6168760115609,1.2958152135932068
11538000,1609100774,1369363.259141448895456943,1153.124640055246049344,30662.817480840420515981,66886147.110529152860508406,1187.524064246726,1.2959415190105965
11539000,1609113885,1368783.117514281562889686,1150.688938085092115857,30620.616663408975587545,66984700.846774477361355313,1189.5335674227726,1.2960816336753653
11540000,1609127071,1386276.183650474399365541,1136.32746004642593457,30620.616663408975587545,67049007.752769114483428978,1219.9618792929957,1.296172190260789
11541000,1609140168,1393419.115796902036730271,1131.29078854470348144,30620.616663408975587545,67370107.066992937335911352,1231.707293921664,1.2966240565796907
11542000,1609152784,1400701.550282400924067785,1129.648551910117136508,30675.00356516951743532,67469076.876355958719539031,1239.944536656079,1.2967607524589133
11543000,1609165810,1402298.240321889137675138,1128.407518306116580951,30675.00356516951743532,67487789.665502198705020556,1242.7232339136815,1.2967867313955592
11544000,1609179535,1367531.411064604544740956,1107.012641674710695826,29998.667354954499996153,67645697.810583406965658921,1235.3349542565077,1.29700898054814
11545000,1609192203,1355621.111766832384209086,1117.400103618974923256,29998.667354954499996153,67914918.869159785995696633,1213.1922194890801,1.2973930084526921
11546000,1609205885,1360087.138406431153521461,1105.727696625621967905,29886.429653057704207018,68044234.332345333478701817,1230.0380487501982,1.2975778555106063
11547000,1609219479,1347454.131069842142502374,1116.252417276893301254,29886.429653057704207018,68108667.157006681457345284,1207.1231472510196,1.2976697043594885
11548000,1609232681,1369067.078581495943451376,1098.719762696706543016,29886.429653057704207018,68145464.696807887656396282,1246.0566607277972,1.2977223851796529
11549000,1609245928,1313413.460660477878945856,1025.218070414716447925,28273.606805496415833754,68238840.416000192404255539,1281.1064285368886,1.2978593900158395
11550000,1609259210,1321805.751377262292477276,1018.875697250703002468,28273.606805496415833754,68310591.036364846018874169,1297.317970135096,1.2979656708550034
11551000,1609273006,1295905.796769312626393439,1030.994260895950077701,28157.824136483143213123,68416022.905108536307636484,1256.9476338725206,1.2981227107105586
11552000,1609286769,1302007.417216723832919477,1026.359621954003697583,28157.824136483143213123,68499189.040012147949644744,1268.5684329026278,1.2982472641154126
11553000,1609300140,1324452.952331879544303966,1009.078522343004585476,28157.824136483143213123,68548137.029052780547392801,1312.5370553488735,1.2983197302046592
11554000,1609312804,1313603.680102482202412064,1017.664978477511682641,28159.40881220957155538,68608002.016249541087195787,1290.8016959252275,1.2984076330749834
11555000,1609326297,1331173.653299472585215507,992.744830796175651572,27996.363725686040361744,68655714.886835856092395362,1340.9021251028614,1.2984778532293968
11556000,1609339826,1298282.041919257639630893,1018.486254355161733576,27996.363725686040361744,68909297.958143528806363942,1274.7172937952357,1.2988544415128487
11557000,1609352451,1322157.152026814172234063,1000.254349136762724162,27996.363725686040361744,68978993.713894572273760772,1321.820948009733,1.298958081695787
11558000,1609365524,1312660.197633657567801667,958.818297797988456019,27306.626454160394370281,69142964.025169974762572522,1369.039577830647,1.2992007593645851
11559000,1609378868,1324408.052732678104888536,949.100724389864440631,27283.67727221546848,69320982.857404582009909445,1395.4346664144446,1.2994637084716212
11560000,1609392500,1338717.265607662037006663,939.071636544033022087,27283.67727221546848,69375627.567649418077791318,1425.5752314428353,1.299543706071504
11561000,1609405681,1163891.016917965083339893,740.676620567756180115,22555.01589555725968488,70801945.054011269050871749,1571.3888957718138,1.3017492580450818
11562000,1609418376,1077190.755349935665601256,803.294256163010872145,22588.123823716846575944,71104817.593157930360472066,1340.966584891581,1.302277328074891
11563000,1609431762,1083670.201682877162999876,792.009560448270786742,22493.961623853419405299,71178604.43106661842687889,1368.2539401033605,1.3024103172506016
11564000,1609445658,1055091.486017352020992452,788.941009830605619786,22150.324051610749318773,71243716.642549491586946307,1337.351554641445,1.302528518734951
11565000,1609459028,1058230.393330422376998368,786.852370606492349444,22150.324051610749318773,71356965.954951342409448589,1344.890646405191,1.3027367357944635
11566000,1609471724,1051656.978039243791762215,791.954524222852840798,22150.324051610749318773,71438286.369698960994684742,1327.9259678088683,1.3028880231051971
11567000,1609485046,1043907.559262237809403679,799.287900519462911601,22167.060454433600776369,71547628.803715729791091238,1306.0469933096633,1.3030903687980149
11568000,1609498801,1020874.747944075107513222,817.398318767395517479,22167.060454433600776369,71580037.009365515658810707,1248.931793110994,1.303151760410581
11569000,1609511574,1020389.482239147553370776,818.074505131670553361,22167.060454433600776369,71700285.646924673873967291,1247.3062977007382,1.3033807730627527
11570000,1609524661,1017248.86041990483801466,820.912141905859640168,22167.060454433600776369,71828975.846225636003920997,1239.1689786171548,1.3036284803854135
11571000,1609537804,1020903.9211511839980116,818.027887278983553986,22167.060454433600776369,71851760.120764365465457059,1248.0062562989503,1.3036721411045569
11572000,1609551469,1023215.0699839526314576,816.265268868298767211,22167.060454433600776369,71887150.458156785932484509,1253.5325328769372,1.3037400810646615
11573000,1609563999,1030094.765613328193261006,811.123161489154185026,22167.060454433600776369,72020427.869293497024985877,1269.9609806754383,1.3039888739122516
11574000,1609577641,1018591.304003648659377225,820.371623354037451639,22167.060454433600776369,72057047.883539049655007948,1241.621815049139,1.304058851258935
11575000,1609590653,1023459.425825706988002705,818.009809946847318963,22183.10996950530560121,72206406.310002099508922294,1251.157887571311,1.3043439822877434
11576000,1609603954,1047959.271578882723255802,802.3630180480327215,22229.66372695967660856,72258571.20367348148098093,1306.0911931463766,1.30444196123687
11577000,1609616762,1058640.084694816880941971,788.967900880919707191,22151.41412219284345115,72385260.972059680107016762,1341.8037457706398,1.30467511226798
11578000,1609630001,1010306.637638613169700624,828.093025180388787989,22151.41412219284345115,72978859.957934381209007187,1220.0400280131953,1.3057640578926546
11579000,1609643486,1018217.205147730403834289,832.745821530468362292,22291.376813426130387557,73248495.090637088745112018,1222.722682986739,1.3062898532996237
11580000,1609657355,999789.081121612925471366,848.367343463338326377,22291.376813426130387557,73355690.809174439035467121,1178.4860518559296,1.30649957509675
11581000,1609670202,1039975.073442211665084481,816.875761771167690122,22291.376813426130387557,73927063.404453944002291256,1273.1129042038353,1.3075327536949188
11582000,1609683401,1068675.632403241590520328,795.408363413500680094,22294.771908682437859384,74028194.546649872949259722,1343.555941274005,1.3077206944310105
11583000,1609696530,1139835.130585998790230934,744.902259958600013501,22277.586465454301127717,74178017.296984150715772035,1530.180792644324,1.3079842878065395
11584000,1609709635,1127274.098802621262582519,749.226321154480072707,22213.434827583869459699,74357751.467802925967291973,1504.584218378245,1.3082946315486947
11585000,1609723433,1170120.168769963433462082,722.124669301021944295,22213.434827583869459699,74537953.10905848764791612,1620.3852582720613,1.3085960510632488
11586000,1609736472,1164337.992253574344177697,719.065474025880761405,22110.057418110427486893,74588097.044768676541736302,1619.2377944872196,1.308681256252334
11587000,1609750081,1179764.50322494264386373,709.872864528978409006,22110.057418110427486893,74703915.387333168242050269,1661.937738679096,1.3088747199910002
11588000,1609763514,1162972.064236260926633916,720.54882483998205563,22110.057418110427486893,74935709.585993047460942893,1614.0086891329415,1.3092617435219402
11589000,1609776684,1181524.240615783703444101,708.935571127615290783,22100.3134911355283525,75115562.734092519804283566,1666.617233970191,1.3095626131145062
11590000,1609790045,1190836.154598886321370589,703.653407561839061712,22100.3134911355283525,75263752.403929043126636792,1692.361810234298,1.3098059810451417
11591000,1609802757,1169028.019711027976631397,722.562907170500567421,22186.648428013091182028,75356640.011676813202329827,1617.8909934483763,1.3099616765751738
11592000,1609816700,1202766.19221345600802691,702.480507088049468501,22186.648428013091182028,75461717.036925556999465222,1712.1702026995895,1.3101349835020997
11593000,1609829565,1186195.397770762376791016,712.355805730158266843,22186.648428013091182028,75496266.431368250630701116,1665.172640173716,1.3101918690119994
11594000,1609842701,1188661.969819878314887464,710.950804243061651745,22186.648428013091182028,75537124.061202029673443112,1671.9328014340294,1.3102593195089944
11595000,1609856035,1166390.485913763619494209,723.892702853102005532,22174.373289704009130893,75627603.830615190907832687,1611.2753745363511,1.3104116014036706
11596000,1609869311,1215241.321760811107798426,694.969592723329624471,22174.373289704009130893,75728920.321459344182404196,1748.6251693383138,1.3105778131290111
11597000,1609882296,1231504.133576507648166109,686.026323638759573185,22174.373289704009130893,75866763.851900213613005321,1795.1266462261585,1.3108016303179302
11598000,1609895571,1229404.221418695422097905,687.433937273237782324,22174.373289704009130893,76008360.536440323042822489,1788.3961712673463,1.3110265295181769
11599000,1609909426,1250334.386452667868665814,676.045965276830191478,22174.59256573211088285,76072955.96024671870444608,1849.4813232716738,1.3111293863262203
11600000,1609922671,1240191.154234105883378894,682.022776543379255851,22174.59256573211088285,76342306.853743072384217798,1818.401374393433,1.3115598246644433
11601000,1609935946,1272557.250639012667735857,664.811105908461931641,22174.59256573211088285,76427072.262633512836773859,1914.1636463790235,1.311692843115355
11602000,1609948588,1246735.698727326094101876,679.019018239361362038,22174.59256573211088285,76695934.49916665064194506,1836.0836224587727,1.3121168656781472
11603000,1609961853,1248028.575295799089833738,657.016213680514262575,21822.014974240740980519,76759783.913731092341695429,1899.539995070312,1.3122163923492538
11604000,1609975244,1203711.660441741465898972,681.521944342150638592,21822.014974240740980519,76947425.603791752075430071,1766.2111549520866,1.3125211382265067
11605000,1609988515,1221181.680055293692491473,671.812772179048437049,21822.014974240740980519,76971903.223882083243555804,1817.7410889262312,1.3125607670178303
11606000,1610002061,1236641.212392551648227249,663.643124974161087677,21822.014974240740980519,77115804.701231886864362684,1863.4129788366301,1.3127871234121427
11607000,1610015313,1253131.256962780095402008,654.624114686805800589,21814.279177484641296765,77227721.976048435120707688,1914.2760384901499,1.312965801471701
11608000,1610028326,1257984.216086827995688752,652.188946175920359394,21814.279177484641296765,77285274.157385664015622358,1928.8646694534766,1.3130565970313142
11609000,1610041398,1248781.64915354585884439,654.958371804999378932,21775.204998054469280791,77488362.108297852690962665,1906.6580456281968,1.3133722946149047
11610000,1610055465,1237085.474654730604609796,661.377491786345471631,21775.204998054469280791,77633104.446325712320627143,1870.4680610061714,1.3135974809100897
11611000,1610068814,1257544.203970587796630669,650.813713254781078553,21775.204998054469280791,77759274.040580708959493882,1932.264453496977,1.3137953649521292
11612000,1610082180,1228303.001536660527645018,666.432101579592935627,21775.204998054469280791,77836434.789289716228479533,1843.102993726305,1.313918593832186
11613000,1610095037,1255299.643540863599971226,651.891453751900059129,21769.164064900165915961,77934290.618628650831233061,1925.6267839010688,1.3140733086622889
11614000,1610107630,1287383.323717889097464119,635.871776856840971947,21769.164064900165915961,78086434.05262062858997714,2024.5957920659976,1.3143074260396417
11615000,1610120989,1281075.778529784096894754,639.329965855164632912,21769.164064900165915961,78310169.167595836574631021,2003.778716701044,1.3146440732167488
11616000,1610134350,1252924.968820281430451886,654.501598639277607064,21775.824360525676678525,78579987.016149686390105408,1914.3191879517763,1.315053080542865
11617000,1610147668,1245831.406443569690741119,658.411305873846523162,21775.824360525676678525,78694688.084289850496057283,1892.1780281249823,1.3152359537296872
11618000,1610160525,1253625.972018673864356341,654.40877552612762112,21775.824360525676678525,78752559.139014651363480421,1915.66192096185,1.3153276293235292
11619000,1610173897,1275435.409642762343557161,643.458480510905735791,21775.824360525676678525,78910687.001562183765558951,1982.1565000278918,1.3155728270430245
11620000,1610187578,1300992.258628626438246007,631.031249325794383806,21775.824360525676678525,79056270.917614574688854659,2061.692285474976,1.315794856797481
11621000,1610201151,1284574.021429663742167458,639.377592117254447119,21775.824360525676678525,79248128.919119427242840572,2009.1007837417105,1.3160841788614484
11622000,1610214594,1264846.970931975952033327,649.775475785230511619,21775.824360525676678525,79520871.831515796160236889,1946.5908118545924,1.316515708852482
11623000,1610227531,1311921.515410459422294329,638.521254332369557203,21982.263083103270019649,79606065.337644485012418791,2054.624660509053,1.3166465488928398
11624000,1610240928,1302988.365614411103553234,643.003558482813144627,21982.263083103270019649,79676706.07861831712957254,2026.4092607649836,1.3167537260443645
11625000,1610254244,1346896.513983496392353399,622.551293036101502972,21982.263083103270019649,80045048.595108684589926943,2163.510909141089,1.3172926935829243
11626000,1610267367,1329419.773678443338887125,628.929542276575809968,21949.690648390817008011,80088911.827679893108404161,2113.781726433551,1.3173575377614741
11627000,1610280279,1304151.112949101789882353,642.02316094285970305,21956.428404965735132919,80439664.975366564369594042,2031.3147442124314,1.3178852883276277
11628000,1610293257,1312126.562488337829184319,638.217627342399108713,21956.428404965735132919,80505954.606478471158164062,2055.923412758375,1.3179852964339216
11629000,1610306617,1320198.743818118966996832,634.476575454158148042,21956.428404965735132919,80618544.690445490020351549,2080.768297668233,1.318152804603223
11630000,1610320182,1303843.39481177786525839,642.476703459217789007,21953.030416216316279025,80781828.912960148077829116,2029.401825453958,1.3183991937560466
11631000,1610333488,1287084.142469155831777228,650.896372923214113945,21953.030416216316279025,80817600.283735643185828376,1977.4025421109427,1.3184538004814506
11632000,1610347188,1246015.924643104715200727,672.536785345445643918,21953.030416216316279025,80934115.781961479812633869,1852.7104417092871,1.3186372476586232
11633000,1610360087,1255785.413545922494956037,662.507993396540400385,21872.538549400686350234,80988952.829830615433725592,1895.5022823313761,1.318724539308584
11634000,1610373329,1246488.165456167205883808,667.561735235551071006,21872.538549400686350234,81059359.264578650538474975,1867.2253061603963,1.3188354324221694
11635000,1610386357,1220954.523185162502034892,681.597349419978873064,21872.538549400686350234,81104627.699449655242323891,1791.3134847489684,1.3189079919118003
11636000,1610399427,1267269.983371944924726648,650.396434038668996733,21765.075595081858738856,81199062.675330625988558517,1948.4577667542992,1.3190567174809922
11637000,1610412948,1237306.077261440220751456,646.109428123434889738,21434.112140261694669339,81242734.402216932481604949,1915.010094892256,1.3191254936225354
11638000,1610426201,1235677.389799909918065029,647.066879238607169227,21434.112140261694669339,81310210.464639782784291376,1909.6594640323901,1.3192333959721383
11639000,1610439218,1261976.644274173013475789,634.677954169328296567,21451.176773608591151046,81367106.007896140290493598,1988.373215083323,1.3193233336460288
11640000,1610453076,1251033.309786902606288069,628.216591111642715296,21244.738051030997809922,81535490.470316701323095801,1991.4044415369103,1.319586175327744
11641000,1610466343,1235928.371320248310376842,636.308277225717459144,21244.738051030997809922,81810760.77469069065835582,1942.3421249663045,1.3200155784142993
11642000,1610478768,1244361.867967603119665355,632.054906675464671745,21244.738051030997809922,81849427.515880839173967307,1968.7559653840865,1.3200773214855126
11643000,1610491795,1220054.013131668950575188,644.895566244623425864,21244.738051030997809922,82006555.095425232148551418,1891.862926328253,1.3203310720065724
11644000,1610505252,1223567.020655880504571304,643.086748917247206538,21244.738051030997809922,82033647.316607585953012348,1902.6469177229617,1.3203749647796474
11645000,1610518999,1201341.252639052290219858,655.270937893017577689,21244.738051030997809922,82209213.162910248654672894,1833.350425248355,1.3206637826796395
11646000,1610532537,1200060.033312388933412269,656.034877972090016527,21244.738051030997809922,82248355.281937628867491209,1829.2625493052574,1.3207285625464067
11647000,1610546122,1208180.988410845606156413,646.922637060226232918,21165.366616059821135768,82346137.120657274727943453,1867.5818702234844,1.3208891637450728
11648000,1610558675,1205259.292538904175566689,648.495580306162457553,21165.366616059821135768,82349058.816529216158533177,1858.5466565090344,1.3208939744940116
11649000,1610571054,1188304.327594821919381697,660.720617689632854401,21210.89011278694972946,82433490.685655717149059517,1798.4974220268941,1.3210336335729895
11650000,1610583904,1220974.583713402127352698,640.456094244526406367,21164.722505388559267022,82565209.287846565255908641,1906.414186211543,1.3212512595483594
11651000,1610597181,1211181.57573799678162562,645.655675718970847624,21164.722505388559267022,82578490.295821970601635719,1875.8939498042569,1.3212729250869948
11652000,1610610877,1205007.383697433731587611,648.992024744600596658,21164.722505388559267022,82595899.445228445887463986,1856.7368130165285,1.3213015828860537
11653000,1610624387,1218571.710607418544532272,641.914839980233691852,21164.722505388559267022,82689545.432986581378055821,1898.3385874751575,1.3214528595736539
11654000,1610637956,1253547.53961554609621242,624.090340084218345006,21164.722505388559267022,82746399.094577793826375673,2008.599491295419,1.3215437828093612
11655000,1610651093,1207179.395166719182803464,650.179244468821971281,21196.116725613450357281,82868169.023389131509915261,1856.6870681221924,1.3217403712258449
11656000,1610664866,1200395.43848667649309389,653.94864992448663767,21196.116725613450357281,82926503.038394049581764121,1835.611157887228,1.3218363465329
11657000,1610678657,1190210.227309418490553146,659.589290340035493045,21196.116725613450357281,82953403.232063765234304865,1804.471729211725,1.3218809203059045
11658000,1610691633,1186077.525449233907644562,668.14319853982448678,21291.486121764575394608,83123775.446983400791993266,1775.1846131806997,1.3221640319985681
11659000,1610704605,1171975.980335659514435446,676.368152496904331529,21291.486121764575394608,83232447.293435332876487304,1732.7486162811658,1.3223455400312438
11660000,1610717878,1197625.807639473106649729,662.049980952904685887,21291.486121764575394608,83334472.823267040579991403,1808.9658516653094,1.3225131102983798
11661000,1610730427,1164756.321258014691926042,680.94548483654152305,21291.486121764575394608,83459558.77209729899471509,1710.4986334370224,1.3227194343199566
11662000,1610743741,1157674.714885628598647418,685.472190608322387134,21291.486121764575394608,83662108.783415865568471332,1688.8718911532353,1.3230681604768513
11663000,1610756963,1179785.637375956326463942,672.297228966524803332,21282.378910122510043216,83806831.567302220771134407,1754.8572068184153,1.32331136366003
11664000,1610769720,1149011.821311451974602016,676.273376924388167749,21061.827133452001073212,83921837.011716870035452559,1699.0345332489987,1.3235103742870402
11665000,1610783014,1147329.101074951992153682,677.377093630303170377,21061.827133452001073212,83984648.441902416245026537,1693.7819596556033,1.3236196741725843
11666000,1610796645,1160682.692259428841366931,669.312836814875169471,21055.98048332944350817,84042409.249869269166779339,1734.140790998248,1.3237191813638158
11667000,1610810459,1187063.343887376059549263,654.497974812825878631,21055.98048332944350817,84078065.525399890444443443,1813.7005606882954,1.3237794389543904
11668000,1610823692,1177246.36298336144389572,660.256009274153787454,21055.98048332944350817,84260653.959497485907371266,1783.014991832571,1.324080502866028
11669000,1610836576,1204750.336606027303486852,645.541017897740640537,21055.98048332944350817,84487822.555794153619818544,1866.264579947839,1.3244482081805509
11670000,1610850269,1206214.847157920876619032,645.11452692202812582,21057.737909216726090263,84640760.969031659405856564,1869.7685400343034,1.3247045551831786
11671000,1610863459,1207542.906346760335454346,644.704190740659448145,21058.773220051852046083,84786772.629728584000306098,1873.0185466291002,1.3249468726296856
11672000,1610876713,1238084.916534468626285256,628.90329828722056225,21058.773220051852046083,84853866.606513848490219358,1968.6411566075685,1.3250555478883408
11673000,1610890333,1222264.839091265936689482,637.199197679298408123,21058.773220051852046083,84955001.314656363179815132,1918.183267560281,1.3252176203178376
11674000,1610903700,1189141.23503300002323282,634.510649362214287651,20722.573544240869499341,85150563.067403416958980179,1874.107607537051,1.3255389316973947
11675000,1610916881,1187788.416662196178914147,634.141799165370831252,20702.202950563168822861,85249070.040540965806984506,1873.0643812243734,1.3257027930652632
11676000,1610929796,1192159.625886448456724102,631.951707134914596606,20702.202950563168822861,85334538.290561564453904947,1886.4726725580879,1.3258444920388803
11677000,1610943015,1203385.118270676194658167,626.162033558777815193,20702.202950563168822861,85401903.619301246225803748,1921.8429955442425,1.3259560280976597
11678000,1610956120,1199419.550973788652670843,628.261765161989276961,20702.202950563168822861,85420725.035852213105150226,1909.1079825055622,1.325987149243078
11679000,1610969565,1203093.784748585863203591,626.357530562436651527,20702.202950563168822861,85429976.021809352436012902,1920.7780317868453,1.3260024650042412
11680000,1610983314,1208236.926211657862020399,623.75018830264148179,20702.202950563168822861,85467721.400396098645695688,1937.0526035423422,1.3260650697392073
11681000,1610996276,1201199.998908155064226,627.481271198404516113,20702.202950563168822861,85517213.855226984462125899,1914.3200825962904,1.3261464395072369
11682000,1611009909,1173432.572818036754381812,642.473537649878191542,20702.202950563168822861,85605480.333680913154266913,1826.429423241879,1.3262949933175128
11683000,1611023041,1205345.872525417151576209,625.595729138595339779,20702.202950563168822861,85690805.924555401798827204,1926.7169137888782,1.3264355969426818
11684000,1611036054,1219810.71506533650606523,618.488238886023644212,20702.202950563168822861,85896710.597436549184702183,1972.2456117554823,1.32676920557193
11685000,1611049523,1236449.801430098488672909,610.20646050551370295,20702.202950563168822861,85924465.71226942551086599,2026.2810728122831,1.3268141163859308
11686000,1611062770,1254577.135865219598374649,601.468272944836029628,20702.202950563168822861,85978765.734211870148627396,2085.857546105817,1.32690088632527
11687000,1611075886,1217780.305581116736010118,619.763192728208427625,20702.202950563168822861,86059012.207553433010991927,1964.9122759620923,1.3270301845611305
11688000,1611089195,1170622.444618079526311028,644.554886759883157631,20693.76903858360538177,86273465.676611779843207824,1816.1718554376162,1.3273907239601226
11689000,1611102087,1180198.175127989924476441,639.501338499217598855,20694.652917460766968808,86348794.548435158064275837,1845.4975839420135,1.3275168777537498
11690000,1611115705,1205689.219851454256142298,626.157845861863978582,20694.652917460766968808,86462801.389400962211632656,1925.5355942907727,1.3277045859207917
11691000,1611128756,1197112.263685195564928569,630.70465929534987378,20694.652917460766968808,86501162.887350674705085461,1898.05520863388,1.327768351454081
11692000,1611141928,1198776.779559203243819647,629.85325551356752347,20694.652917460766968808,86516570.016042867736394383,1903.263607936342,1.3277940043021959
11693000,1611155239,1196853.505008751790642669,630.976207417158668099,20694.652917460766968808,86587058.217525331399729133,1896.8282653762149,1.3279106153675673
11694000,1611167440,1176596.285103931235179081,641.882432534150308601,20694.652917460766968808,86613453.813164686919399177,1833.040172884514,1.3279549261697925
11695000,1611180369,1157030.412763917844314527,652.876832252035236756,20694.652917460766968808,86697161.099070100443020777,1772.203202207151,1.328097224681725
11696000,1611194301,1175736.652705216183485842,642.687114950446338107,20694.652917460766968808,86818382.243128450315165046,1829.4075380613006,1.3283015459456233
11697000,1611208143,1161355.630777540530745201,650.925503278067571487,20694.652917460766968808,86986465.859631420554072863,1784.1605912334692,1.3285873460781292
11698000,1611221796,1178474.006948260725326138,643.573104269817937039,20726.623848439986787392,87059303.188494637159759975,1831.1424127727155,1.328710543534925
11699000,1611234805,1183160.239190978577577985,641.123762149945537254,20726.623848439986787392,87120432.925826677525418732,1845.4474924207566,1.328813875063144
11700000,1611247827,1151731.099334884224861014,658.752319868118938142,20726.623848439986787392,87200036.589929331878135703,1748.352248027694,1.3289482205788599
11701000,1611261352,1140900.305952738581351953,665.122417559550595973,20726.623848439986787392,87267698.221382557521644764,1715.3237897752708,1.329064553342995
11702000,1611274066,1137158.458886550059859927,667.588117490988692305,20726.623848439986787392,87428373.509527141814151832,1703.3833123938125,1.329340469571252
11703000,1611287519,1145728.205744575034862141,662.767138895294580058,20726.623848439986787392,87528154.970651956839149618,1728.7040025163042,1.3295134040134216
11704000,1611300943,1154509.640809677317067281,657.830401560546508753,20726.623848439986787392,87589798.638451354960749466,1755.0262773974525,1.329618920125515
11705000,1611314582,1179211.772675287187205707,644.161755668218195762,20726.623848439986787392,87658513.84514094509061104,1830.6143795389364,1.3297340992646014
11706000,1611327817,1181001.325601972608577283,643.246669066054410694,20726.623848439986787392,87695817.488140338091626028,1836.0006858903714,1.3297971557775667
11707000,1611341066,1165118.277122295645022781,652.298200624146327437,20726.623848439986787392,87865493.330953867554700932,1786.1742926892355,1.330085417268478
11708000,1611354273,1164003.497619822947158029,653.092638508289010018,20726.623848439986787392,87966018.039189325306051058,1782.2946225186236,1.3302582809368408
11709000,1611367486,1165598.990595280818761286,652.25355626824713062,20726.623848439986787392,87999034.847982853988758643,1787.0335537364463,1.3303142506364467
11710000,1611380556,1169494.365990365769348085,649.980089996159765216,20723.338470054952884169,88062487.422086426669406651,1799.277214779418,1.3304218642806793
11711000,1611394052,1174997.623481535632770267,646.953116759496894507,20723.338470054952884169,88072932.400885591315448313,1816.2021219821063,1.3304396475975164
11712000,1611407104,1179992.117182131519751877,644.30299662111081711,20723.338470054952884169,88127371.970848695428466703,1831.4242264436316,1.330530726500331
11713000,1611420746,1177549.796622401801354887,645.668693899808563973,20723.338470054952884169,88145279.060435431622952389,1823.767835962522,1.3305609867179478
11714000,1611433732,1172265.651538830917312072,648.613214872439273067,20723.338470054952884169,88165848.957908117343983192,1807.3416092352925,1.3305959464047687
11715000,1611446663,1169330.053472871855643522,650.347427503808062255,20723.338470054952884169,88230161.507930470010056088,1798.0082706885544,1.3307042654202308
11716000,1611459890,1183253.999969314544963148,642.474341327195077095,20718.156230247946023454,88291668.884642050408957208,1841.714016975372,1.330809158232402
11717000,1611473553,1192651.772893312443375018,637.627578535114602959,20718.156230247946023454,88426139.914397102722448374,1870.4519895976116,1.331034375591856
11718000,1611487072,1176155.520355429765213103,646.644791145885466452,20718.156230247946023454,88471326.376876296830720935,1818.8587250060823,1.3311106672605213
11719000,1611499869,1173783.283587066535730596,645.410880719646993937,20676.31188357111733631,88516374.947604276701406241,1818.6605132505247,1.3311868749979487
11720000,1611513320,1186516.876121932470537449,638.557577840137326808,20676.31188357111733631,88561297.958484479079874462,1858.1204221790263,1.331263169008019
11721000,1611526788,1210259.845863733714459638,626.347696824454970159,20676.31188357111733631,88767120.561612140880814547,1932.249215570965,1.3316005937687765
11722000,1611539951,1203684.843684981239911625,629.817347777387234858,20676.31188357111733631,88798052.649287781191277028,1911.1649558919914,1.3316516481315301
11723000,1611553245,1223778.872411446425728909,619.591189846542499723,20676.31188357111733631,88873977.383010356005459744,1975.1392409478035,1.3317754903325978
